P_5=0.5925
P_10=0.2963
P_15=0.1975
P_20=0.1481
P_30=0.0988
P_50=0.0593
recall_5=0.4274
recall_10=0.4274
recall_15=0.4274
recall_20=0.4274
recall_30=0.4274
recall_50=0.4274
F1_5=0.4965869
F1_10=0.34997547
F1_15=0.27016005
F1_20=0.21997547
F1_30=0.16049837
F1_50=0.10414966
Diversity_5=null
Diversity_10=null
Diversity_15=null
Diversity_20=null
Novelty_5=null
Novelty_10=null
Novelty_15=null
Novelty_20=null
Serendipity_5=null
Serendipity_10=null
Serendipity_15=null
Serendipity_20=null
