P_5=0.6078
P_10=0.5332
P_15=0.4316
P_20=0.3237
P_30=0.2158
P_50=0.1295
recall_5=0.4511
recall_10=0.7453
recall_15=0.8718
recall_20=0.8718
recall_30=0.8718
recall_50=0.8718
F1_5=0.51785547
F1_10=0.62165654
F1_15=0.57736516
F1_20=0.47210652
F1_30=0.34596258
F1_50=0.22550306
Diversity_5=null
Diversity_10=null
Diversity_15=null
Diversity_20=null
Novelty_5=null
Novelty_10=null
Novelty_15=null
Novelty_20=null
Serendipity_5=null
Serendipity_10=null
Serendipity_15=null
Serendipity_20=null
