P_5=0.5994
P_10=0.2997
P_15=0.1998
P_20=0.1498
P_30=0.0999
P_50=0.0599
recall_5=0.4441
recall_10=0.4441
recall_15=0.4441
recall_20=0.4441
recall_30=0.4441
recall_50=0.4441
F1_5=0.5101937
F1_10=0.35788321
F1_15=0.27560547
F1_20=0.22403161
F1_30=0.1631088
F1_50=0.10556187
Diversity_5=null
Diversity_10=null
Diversity_15=null
Diversity_20=null
Novelty_5=null
Novelty_10=null
Novelty_15=null
Novelty_20=null
Serendipity_5=null
Serendipity_10=null
Serendipity_15=null
Serendipity_20=null
