P_5=0.5779
P_10=0.289
P_15=0.1926
P_20=0.1445
P_30=0.0963
P_50=0.0578
recall_5=0.4154
recall_10=0.4154
recall_15=0.4154
recall_20=0.4154
recall_30=0.4154
recall_50=0.4154
F1_5=0.48335785
F1_10=0.34085917
F1_15=0.26317778
F1_20=0.21441437
F1_30=0.15635341
F1_50=0.1014798
Diversity_5=null
Diversity_10=null
Diversity_15=null
Diversity_20=null
Novelty_5=null
Novelty_10=null
Novelty_15=null
Novelty_20=null
Serendipity_5=null
Serendipity_10=null
Serendipity_15=null
Serendipity_20=null
