P_5=0.6126
P_10=0.3063
P_15=0.2042
P_20=0.1532
P_30=0.1021
P_50=0.0613
recall_5=0.4487
recall_10=0.4487
recall_15=0.4487
recall_20=0.4487
recall_30=0.4487
recall_50=0.4487
F1_5=0.5179942
F1_10=0.36407104
F1_15=0.28066945
F1_20=0.22841285
F1_30=0.16634811
F1_50=0.10786396
Diversity_5=null
Diversity_10=null
Diversity_15=null
Diversity_20=null
Novelty_5=null
Novelty_10=null
Novelty_15=null
Novelty_20=null
Serendipity_5=null
Serendipity_10=null
Serendipity_15=null
Serendipity_20=null
