P_5=0.62
P_10=0.5387
P_15=0.3591
P_20=0.2694
P_30=0.1796
P_50=0.1077
recall_5=0.4596
recall_10=0.7517
recall_15=0.7517
recall_20=0.7517
recall_30=0.7517
recall_50=0.7517
F1_5=0.5278844
F1_10=0.6276205
F1_15=0.48601994
F1_20=0.39664668
F1_30=0.28992873
F1_50=0.18840607
Diversity_5=null
Diversity_10=null
Diversity_15=null
Diversity_20=null
Novelty_5=null
Novelty_10=null
Novelty_15=null
Novelty_20=null
Serendipity_5=null
Serendipity_10=null
Serendipity_15=null
Serendipity_20=null
