P_5=0.5836
P_10=0.4642
P_15=0.3095
P_20=0.2321
P_30=0.1547
P_50=0.0928
recall_5=0.4227
recall_10=0.6302
recall_15=0.6302
recall_20=0.6302
recall_30=0.6302
recall_50=0.6302
F1_5=0.49028662
F1_10=0.53461045
F1_15=0.41512594
F1_20=0.33925414
F1_30=0.24841876
F1_50=0.16177748
Diversity_5=null
Diversity_10=null
Diversity_15=null
Diversity_20=null
Novelty_5=null
Novelty_10=null
Novelty_15=null
Novelty_20=null
Serendipity_5=null
Serendipity_10=null
Serendipity_15=null
Serendipity_20=null
