
Result Top 50 
P_5=0.718
P_10=0.6405
P_15=0.57210004
P_20=0.51675
P_30=0.43080002
P_50=0.32635
recall_5=0.37475002
recall_10=0.5737
recall_15=0.68435
recall_20=0.75479996
recall_30=0.8355
recall_50=0.91685
F1_5=0.49246487
F1_10=0.60526246
F1_15=0.6232109
F1_20=0.613492
F1_30=0.5684805
F1_50=0.48136103
