
Result Top 50 
P_5=0.70455
P_10=0.6272
P_15=0.55859995
P_20=0.50315
P_30=0.4215
P_50=0.32059997
recall_5=0.36815
recall_10=0.56799996
recall_15=0.6778
recall_20=0.7459
recall_30=0.82795
recall_50=0.91139996
F1_5=0.48360232
F1_10=0.5961338
F1_15=0.612454
F1_20=0.60093606
F1_30=0.5586153
F1_50=0.4743423
