P_5=0.6906667
P_10=0.60593337
P_15=0.40393332
P_20=0.303
P_30=0.202
P_50=0.1212
recall_5=0.4162333
recall_10=0.6132
recall_15=0.6132
recall_20=0.6132
recall_30=0.6132
recall_50=0.6132
F1_5=0.5194299
F1_10=0.609545
F1_15=0.4870392
F1_20=0.4055874
F1_30=0.30389208
F1_50=0.20239606
