P_5=0.5826
P_10=0.4639
P_15=0.3093
P_20=0.2319
P_30=0.1546
P_50=0.0928
recall_5=0.4207
recall_10=0.63
recall_15=0.63
recall_20=0.63
recall_30=0.63
recall_50=0.63
F1_5=0.48858735
F1_10=0.53433955
F1_15=0.41490257
F1_20=0.33901152
F1_30=0.24827427
F1_50=0.16177088
Diversity_5=null
Diversity_10=null
Diversity_15=null
Diversity_20=null
Novelty_5=null
Novelty_10=null
Novelty_15=null
Novelty_20=null
Serendipity_5=null
Serendipity_10=null
Serendipity_15=null
Serendipity_20=null
