P_5=0.66695
P_10=0.3335
P_15=0.2223
P_20=0.16675
P_30=0.1112
P_50=0.0667
recall_5=0.35689998
recall_10=0.35689998
recall_15=0.35689998
recall_20=0.35689998
recall_30=0.35689998
recall_50=0.35689998
F1_5=0.46497914
F1_10=0.34480342
F1_15=0.27396017
F1_20=0.22730094
F1_30=0.16956751
F1_50=0.112394854
