P_5=0.5607
P_10=0.2804
P_15=0.1869
P_20=0.1402
P_30=0.0935
P_50=0.0561
recall_5=0.4044
recall_10=0.4044
recall_15=0.4044
recall_20=0.4044
recall_30=0.4044
recall_50=0.4044
F1_5=0.46989346
F1_10=0.33117336
F1_15=0.2556481
F1_20=0.20821476
F1_30=0.15188351
F1_50=0.09853133
Diversity_5=null
Diversity_10=null
Diversity_15=null
Diversity_20=null
Novelty_5=null
Novelty_10=null
Novelty_15=null
Novelty_20=null
Serendipity_5=null
Serendipity_10=null
Serendipity_15=null
Serendipity_20=null
