P_5=0.594
P_10=0.5281
P_15=0.4315
P_20=0.3237
P_30=0.2158
P_50=0.1295
recall_5=0.4431
recall_10=0.7384
recall_15=0.8714
recall_20=0.8714
recall_30=0.8714
recall_50=0.8714
F1_5=0.5075719
F1_10=0.61579007
F1_15=0.57718796
F1_20=0.4720478
F1_30=0.34593105
F1_50=0.22548965
Diversity_5=null
Diversity_10=null
Diversity_15=null
Diversity_20=null
Novelty_5=null
Novelty_10=null
Novelty_15=null
Novelty_20=null
Serendipity_5=null
Serendipity_10=null
Serendipity_15=null
Serendipity_20=null
