P_5=0.62968
P_10=0.31484
P_15=0.20989999
P_20=0.15742001
recall_5=0.44460002
recall_10=0.44460002
recall_15=0.44460002
recall_20=0.44460002
F1_5=0.5211969
F1_10=0.3686344
F1_15=0.28516895
F1_20=0.23251365
