P_5=0.5489
P_10=0.2744
P_15=0.183
P_20=0.1372
P_30=0.0915
P_50=0.0549
recall_5=0.3919
recall_10=0.3919
recall_15=0.3919
recall_20=0.3919
recall_30=0.3919
recall_50=0.3919
F1_5=0.45729998
F1_10=0.3227896
F1_15=0.24949625
F1_20=0.20324582
F1_30=0.148361
F1_50=0.09630847
Diversity_5=null
Diversity_10=null
Diversity_15=null
Diversity_20=null
Novelty_5=null
Novelty_10=null
Novelty_15=null
Novelty_20=null
Serendipity_5=null
Serendipity_10=null
Serendipity_15=null
Serendipity_20=null
