P_5=0.68810004
P_10=0.60043335
P_15=0.5281
P_20=0.47239998
P_30=0.31493333
P_50=0.18893333
recall_5=0.41349998
recall_10=0.6092
recall_15=0.7123
recall_20=0.7777
recall_30=0.7777
recall_50=0.7777
F1_5=0.5165747
F1_10=0.6047849
F1_15=0.60652304
F1_20=0.58776975
F1_30=0.4483181
F1_50=0.30401072
