P_5=0.6101
P_10=0.5177
P_15=0.4034
P_20=0.3025
P_30=0.2017
P_50=0.121
recall_5=0.4484
recall_10=0.7117
recall_15=0.8094
recall_20=0.8094
recall_30=0.8094
recall_50=0.8094
F1_5=0.51689905
F1_10=0.59939337
F1_15=0.5384432
F1_20=0.4404056
F1_30=0.32292747
F1_50=0.21052752
Diversity_5=null
Diversity_10=null
Diversity_15=null
Diversity_20=null
Novelty_5=null
Novelty_10=null
Novelty_15=null
Novelty_20=null
Serendipity_5=null
Serendipity_10=null
Serendipity_15=null
Serendipity_20=null
