P_5=0.6294
P_10=0.54829997
P_15=0.48126
P_20=0.36094
recall_5=0.44400007
recall_10=0.63879997
recall_15=0.73832
recall_20=0.73832
F1_5=0.5206887
F1_10=0.5901003
F1_15=0.5826988
F1_20=0.48485208
