P_5=0.5474
P_10=0.2737
P_15=0.1825
P_20=0.1369
P_30=0.0912
P_50=0.0547
recall_5=0.3901
recall_10=0.3901
recall_15=0.3901
recall_20=0.3901
recall_30=0.3901
recall_50=0.3901
F1_5=0.4555536
F1_10=0.3216944
F1_15=0.24866663
F1_20=0.20267434
F1_30=0.14783761
F1_50=0.095946364
Diversity_5=null
Diversity_10=null
Diversity_15=null
Diversity_20=null
Novelty_5=null
Novelty_10=null
Novelty_15=null
Novelty_20=null
Serendipity_5=null
Serendipity_10=null
Serendipity_15=null
Serendipity_20=null
