P_5=0.5946
P_10=0.498
P_15=0.332
P_20=0.249
P_30=0.166
P_50=0.0996
recall_5=0.4302
recall_10=0.683
recall_15=0.683
recall_20=0.683
recall_30=0.683
recall_50=0.683
F1_5=0.49921337
F1_10=0.5760102
F1_15=0.44680986
F1_20=0.36495066
F1_30=0.26708597
F1_50=0.1738482
Diversity_5=null
Diversity_10=null
Diversity_15=null
Diversity_20=null
Novelty_5=null
Novelty_10=null
Novelty_15=null
Novelty_20=null
Serendipity_5=null
Serendipity_10=null
Serendipity_15=null
Serendipity_20=null
