P_5=0.6155
P_10=0.5302
P_15=0.3535
P_20=0.2651
P_30=0.1767
P_50=0.106
recall_5=0.4529
recall_10=0.7355
recall_15=0.7355
recall_20=0.7355
recall_30=0.7355
recall_50=0.7355
F1_5=0.5218269
F1_10=0.61619985
F1_15=0.47750092
F1_20=0.38972825
F1_30=0.28494376
F1_50=0.1852953
Diversity_5=null
Diversity_10=null
Diversity_15=null
Diversity_20=null
Novelty_5=null
Novelty_10=null
Novelty_15=null
Novelty_20=null
Serendipity_5=null
Serendipity_10=null
Serendipity_15=null
Serendipity_20=null
