P_5=0.66182005
P_10=0.56634
P_15=0.37756
P_20=0.28316003
recall_5=0.45564002
recall_10=0.64724
recall_15=0.64724
recall_20=0.64724
F1_5=0.53970915
F1_10=0.6040935
F1_15=0.47691634
F1_20=0.39396495
