P_5=0.5819
P_10=0.291
P_15=0.194
P_20=0.1455
P_30=0.097
P_50=0.0582
recall_5=0.4269
recall_10=0.4269
recall_15=0.4269
recall_20=0.4269
recall_30=0.4269
recall_50=0.4269
F1_5=0.4924923
F1_10=0.34608692
F1_15=0.26676953
F1_20=0.21702988
F1_30=0.15808094
F1_50=0.10243489
Diversity_5=null
Diversity_10=null
Diversity_15=null
Diversity_20=null
Novelty_5=null
Novelty_10=null
Novelty_15=null
Novelty_20=null
Serendipity_5=null
Serendipity_10=null
Serendipity_15=null
Serendipity_20=null
