P_5=0.6113
P_10=0.5201
P_15=0.4035
P_20=0.3026
P_30=0.2017
P_50=0.121
recall_5=0.4466
recall_10=0.7153
recall_15=0.8095
recall_20=0.8095
recall_30=0.8095
recall_50=0.8095
F1_5=0.51612926
F1_10=0.6022787
F1_15=0.53855443
F1_20=0.44052637
F1_30=0.32293543
F1_50=0.21053089
Diversity_5=null
Diversity_10=null
Diversity_15=null
Diversity_20=null
Novelty_5=null
Novelty_10=null
Novelty_15=null
Novelty_20=null
Serendipity_5=null
Serendipity_10=null
Serendipity_15=null
Serendipity_20=null
