P_5=0.65935004
P_10=0.60525
P_15=0.40350002
P_20=0.3026
P_30=0.20175001
P_50=0.12105
recall_5=0.3546
recall_10=0.55939996
recall_15=0.55939996
recall_20=0.55939996
recall_30=0.55939996
recall_50=0.55939996
F1_5=0.4611776
F1_10=0.58142245
F1_15=0.4688294
F1_20=0.3927481
F1_30=0.29654852
F1_50=0.19903114
