P_5=0.587
P_10=0.498
P_15=0.3828
P_20=0.2871
P_30=0.1914
P_50=0.1148
recall_5=0.4273
recall_10=0.6838
recall_15=0.7687
recall_20=0.7687
recall_30=0.7687
recall_50=0.7687
F1_5=0.49457777
F1_10=0.5762944
F1_15=0.51108706
F1_20=0.41805983
F1_30=0.30648723
F1_50=0.19976631
Diversity_5=null
Diversity_10=null
Diversity_15=null
Diversity_20=null
Novelty_5=null
Novelty_10=null
Novelty_15=null
Novelty_20=null
Serendipity_5=null
Serendipity_10=null
Serendipity_15=null
Serendipity_20=null
