P_5=0.6188
P_10=0.3094
P_15=0.2063
P_20=0.1547
P_30=0.1031
P_50=0.0619
recall_5=0.4565
recall_10=0.4565
recall_15=0.4565
recall_20=0.4565
recall_30=0.4565
recall_50=0.4565
F1_5=0.52540165
F1_10=0.36882383
F1_15=0.28417605
F1_20=0.23108818
F1_30=0.16820997
F1_50=0.10901755
Diversity_5=null
Diversity_10=null
Diversity_15=null
Diversity_20=null
Novelty_5=null
Novelty_10=null
Novelty_15=null
Novelty_20=null
Serendipity_5=null
Serendipity_10=null
Serendipity_15=null
Serendipity_20=null
