P_5=0.5511
P_10=0.2756
P_15=0.1837
P_20=0.1378
P_30=0.0919
P_50=0.0551
recall_5=0.3946
recall_10=0.3946
recall_15=0.3946
recall_20=0.3946
recall_30=0.3946
recall_50=0.3946
F1_5=0.45990074
F1_10=0.32453525
F1_15=0.25069347
F1_20=0.20426701
F1_30=0.14908013
F1_50=0.09669763
Diversity_5=null
Diversity_10=null
Diversity_15=null
Diversity_20=null
Novelty_5=null
Novelty_10=null
Novelty_15=null
Novelty_20=null
Serendipity_5=null
Serendipity_10=null
Serendipity_15=null
Serendipity_20=null
