P_5=0.71575
P_10=0.63875
P_15=0.4258
P_20=0.31935
P_30=0.21294999
P_50=0.12775001
recall_5=0.37475
recall_10=0.57425
recall_15=0.57425
recall_20=0.57425
recall_30=0.57425
recall_50=0.57425
F1_5=0.49193454
F1_10=0.6047851
F1_15=0.48900685
F1_20=0.4104448
F1_30=0.31068733
F1_50=0.2090041
