P_5=0.6018
P_10=0.5301
P_15=0.3534
P_20=0.2651
P_30=0.1767
P_50=0.106
recall_5=0.4452
recall_10=0.7405
recall_15=0.7405
recall_20=0.7405
recall_30=0.7405
recall_50=0.7405
F1_5=0.5117886
F1_10=0.6178798
F1_15=0.47845814
F1_20=0.3904267
F1_30=0.2853169
F1_50=0.18545304
Diversity_5=null
Diversity_10=null
Diversity_15=null
Diversity_20=null
Novelty_5=null
Novelty_10=null
Novelty_15=null
Novelty_20=null
Serendipity_5=null
Serendipity_10=null
Serendipity_15=null
Serendipity_20=null
