P_5=0.5909
P_10=0.2954
P_15=0.197
P_20=0.1477
P_30=0.0985
P_50=0.0591
recall_5=0.4361
recall_10=0.4361
recall_15=0.4361
recall_20=0.4361
recall_30=0.4361
recall_50=0.4361
F1_5=0.5018335
F1_10=0.35221854
F1_15=0.27140006
F1_20=0.2206645
F1_30=0.16070276
F1_50=0.104093336
Diversity_5=null
Diversity_10=null
Diversity_15=null
Diversity_20=null
Novelty_5=null
Novelty_10=null
Novelty_15=null
Novelty_20=null
Serendipity_5=null
Serendipity_10=null
Serendipity_15=null
Serendipity_20=null
