P_5=0.6122
P_10=0.3061
P_15=0.2041
P_20=0.153
P_30=0.102
P_50=0.0612
recall_5=0.4496
recall_10=0.4496
recall_15=0.4496
recall_20=0.4496
recall_30=0.4496
recall_50=0.4496
F1_5=0.51845
F1_10=0.3642254
F1_15=0.2807507
F1_20=0.2283067
F1_30=0.16627702
F1_50=0.10773501
Diversity_5=null
Diversity_10=null
Diversity_15=null
Diversity_20=null
Novelty_5=null
Novelty_10=null
Novelty_15=null
Novelty_20=null
Serendipity_5=null
Serendipity_10=null
Serendipity_15=null
Serendipity_20=null
