P_5=0.607
P_10=0.3035
P_15=0.2023
P_20=0.1517
P_30=0.1012
P_50=0.0607
recall_5=0.4492
recall_10=0.4492
recall_15=0.4492
recall_20=0.4492
recall_30=0.4492
recall_50=0.4492
F1_5=0.51631206
F1_10=0.36224845
F1_15=0.27896595
F1_20=0.22680527
F1_30=0.16518545
F1_50=0.10694819
Diversity_5=null
Diversity_10=null
Diversity_15=null
Diversity_20=null
Novelty_5=null
Novelty_10=null
Novelty_15=null
Novelty_20=null
Serendipity_5=null
Serendipity_10=null
Serendipity_15=null
Serendipity_20=null
