P_5=0.68943334
P_10=0.6061
P_15=0.53576666
P_20=0.4805667
P_30=0.32036665
P_50=0.19223334
recall_5=0.41636667
recall_10=0.6134
recall_15=0.7179666
recall_20=0.7844667
recall_30=0.7844667
recall_50=0.7844667
F1_5=0.5191844
F1_10=0.6097281
F1_15=0.61362743
F1_20=0.5960136
F1_30=0.45494094
F1_50=0.30879623
