P_5=0.719
P_10=0.3595
P_15=0.2397
P_20=0.1797
P_30=0.1198
P_30=0.1198
P_50=0.0719
recall_5=0.3287
recall_10=0.3287
recall_15=0.3287
recall_20=0.3287
recall_30=0.3287
recall_50=0.3287
F1_5=0.45115072
F1_10=0.34341076
F1_15=0.2772322
F1_20=0.2323658
F1_30=0.17559981
F1_50=0.11799067
