P_5=0.6139
P_10=0.3069
P_15=0.2046
P_20=0.1535
P_30=0.1023
P_50=0.0614
recall_5=0.4508
recall_10=0.4508
recall_15=0.4508
recall_20=0.4508
recall_30=0.4508
recall_50=0.4508
F1_5=0.51985747
F1_10=0.3651855
F1_15=0.28145766
F1_20=0.22901805
F1_30=0.1667577
F1_50=0.108079344
Diversity_5=null
Diversity_10=null
Diversity_15=null
Diversity_20=null
Novelty_5=null
Novelty_10=null
Novelty_15=null
Novelty_20=null
Serendipity_5=null
Serendipity_10=null
Serendipity_15=null
Serendipity_20=null
