P_5=0.7184
P_10=0.63785
P_15=0.57175004
P_20=0.4288
P_30=0.28585
P_50=0.17155
recall_5=0.3743
recall_10=0.5733
recall_15=0.68505
recall_20=0.68505
recall_30=0.68505
recall_50=0.68505
F1_5=0.49217007
F1_10=0.6038549
F1_15=0.62329304
F1_20=0.5274488
F1_30=0.40338147
F1_50=0.27438787
