P_5=0.6392
P_10=0.57093334
P_15=0.50886667
P_20=0.45686665
P_30=0.37900004
P_50=0.28446665
recall_5=0.39666668
recall_10=0.59356666
recall_15=0.7012334
recall_20=0.7676
recall_30=0.84426665
recall_50=0.91893333
F1_5=0.48954052
F1_10=0.58203006
F1_15=0.58976
F1_20=0.5728059
F1_30=0.5231518
F1_50=0.43444553
