P_5=0.71379995
P_10=0.35689998
P_15=0.23789999
P_20=0.1785
P_30=0.119
P_50=0.0714
recall_5=0.37370002
recall_10=0.37370002
recall_15=0.37370002
recall_20=0.37370002
recall_30=0.37370002
recall_50=0.37370002
F1_5=0.49056932
F1_10=0.36510685
F1_15=0.29072344
F1_20=0.24159887
F1_30=0.18051673
F1_50=0.11989298
