P_5=0.6821334
P_10=0.3410667
P_15=0.22739999
P_20=0.17053334
P_30=0.113699995
P_50=0.0682
recall_5=0.4139
recall_10=0.4139
recall_15=0.4139
recall_20=0.4139
recall_30=0.4139
recall_50=0.4139
F1_5=0.5151942
F1_10=0.37397012
F1_15=0.29353145
F1_20=0.24154593
F1_30=0.17839435
F1_50=0.117104255
