P_5=0.6228
P_10=0.3114
P_15=0.2076
P_20=0.1557
P_30=0.1038
P_50=0.0623
recall_5=0.4612
recall_10=0.4612
recall_15=0.4612
recall_20=0.4612
recall_30=0.4612
recall_50=0.4612
F1_5=0.52995455
F1_10=0.37177756
F1_15=0.28631914
F1_20=0.23280545
F1_30=0.16946039
F1_50=0.10977176
Diversity_5=null
Diversity_10=null
Diversity_15=null
Diversity_20=null
Novelty_5=null
Novelty_10=null
Novelty_15=null
Novelty_20=null
Serendipity_5=null
Serendipity_10=null
Serendipity_15=null
Serendipity_20=null
