P_5=0.71605
P_10=0.63525
P_15=0.5657
P_20=0.42430001
P_30=0.28289998
P_50=0.16975
recall_5=0.3752
recall_10=0.57205
recall_15=0.6809
recall_20=0.6809
recall_30=0.6809
recall_50=0.6809
F1_5=0.49239305
F1_10=0.60199577
F1_15=0.61797714
F1_20=0.5228119
F1_30=0.39972317
F1_50=0.27175167
