P_5=0.6882667
P_10=0.60550004
P_15=0.40366665
P_20=0.30276665
P_30=0.20183332
P_50=0.12106667
recall_5=0.41483334
recall_10=0.61270005
recall_15=0.61270005
recall_20=0.61270005
recall_30=0.61270005
recall_50=0.61270005
F1_5=0.51766104
F1_10=0.60907876
F1_15=0.48668766
F1_20=0.40526903
F1_30=0.30364203
F1_50=0.20218293
