P_5=0.6913667
P_10=0.60480005
P_15=0.4032
P_20=0.3024
P_30=0.2016
P_50=0.12096667
recall_5=0.41663334
recall_10=0.6123
recall_15=0.6123
recall_20=0.6123
recall_30=0.6123
recall_50=0.6123
F1_5=0.5199393
F1_10=0.60852695
F1_15=0.4862223
F1_20=0.404853
F1_30=0.30332884
F1_50=0.2020217
