P_5=0.63616663
P_10=0.5686333
P_15=0.5046
P_20=0.3784667
P_30=0.2523
P_50=0.15136667
recall_5=0.3979
recall_10=0.5937
recall_15=0.6992
recall_20=0.6992
recall_30=0.6992
recall_50=0.6992
F1_5=0.48958296
F1_10=0.58089644
F1_15=0.586171
F1_20=0.49110532
F1_30=0.37080014
F1_50=0.24885899
