P_5=0.6608333
P_10=0.5861667
P_15=0.3908
P_20=0.2931
P_30=0.19536667
P_50=0.117233336
recall_5=0.40343332
recall_10=0.6003334
recall_15=0.6003334
recall_20=0.6003334
recall_30=0.6003334
recall_50=0.6003334
F1_5=0.50100636
F1_10=0.59316546
F1_15=0.4734182
F1_20=0.3938911
F1_30=0.29479733
F1_50=0.19616039
