P_5=0.6906667
P_10=0.60593337
P_15=0.5348334
P_20=0.40113333
P_30=0.2674
P_50=0.16043334
recall_5=0.4162333
recall_10=0.6132
recall_15=0.7170666
recall_20=0.7170666
recall_30=0.7170666
recall_50=0.7170666
F1_5=0.5194299
F1_10=0.609545
F1_15=0.6126865
F1_20=0.5144685
F1_30=0.38953805
F1_50=0.2622026
