P_5=0.6836
P_10=0.34179997
P_15=0.22786666
P_20=0.17086667
P_30=0.11393333
P_50=0.06836667
recall_5=0.41303334
recall_10=0.41303334
recall_15=0.41303334
recall_20=0.41303334
recall_30=0.41303334
recall_50=0.41303334
F1_5=0.5149389
F1_10=0.3740555
F1_15=0.29370114
F1_20=0.24173191
F1_30=0.17860053
F1_50=0.117314965
