P_5=0.6745
P_10=0.3373
P_15=0.2248
P_20=0.1686
recall_5=0.3138
recall_10=0.3138
recall_15=0.3138
recall_20=0.3138
F1_5=0.42832765
F1_10=0.3251259
F1_15=0.26194668
F1_20=0.21934776
