P_5=0.6649
P_10=0.6242
P_15=0.5704
P_20=0.5237
P_30=0.4488
P_30=0.4488
P_50=0.3515
recall_5=0.3072
recall_10=0.512
recall_15=0.6263
recall_20=0.6992
recall_30=0.7905
recall_50=0.8849
F1_5=0.42023927
F1_10=0.5625602
F1_15=0.5970444
F1_20=0.5988569
F1_30=0.5725432
F1_50=0.50314194
