P_5=0.5879
P_10=0.5112
P_15=0.4031
P_20=0.3023
P_30=0.2015
P_50=0.1209
recall_5=0.4293
recall_10=0.7041
recall_15=0.8091
recall_20=0.8091
recall_30=0.8091
recall_50=0.8091
F1_5=0.4962357
F1_10=0.5923408
F1_15=0.5381096
F1_20=0.44014922
F1_30=0.32264724
F1_50=0.210366
Diversity_5=null
Diversity_10=null
Diversity_15=null
Diversity_20=null
Novelty_5=null
Novelty_10=null
Novelty_15=null
Novelty_20=null
Serendipity_5=null
Serendipity_10=null
Serendipity_15=null
Serendipity_20=null
