P_5=0.63464
P_10=0.31732002
P_15=0.21153998
P_20=0.15868
recall_5=0.44337997
recall_10=0.44337997
recall_15=0.44337997
recall_20=0.44337997
F1_5=0.52204347
F1_10=0.36990494
F1_15=0.2864246
F1_20=0.23371604
