P_5=0.6041
P_10=0.501
P_15=0.383
P_20=0.2889
P_30=0.1926
P_50=0.1156
recall_5=0.4401
recall_10=0.686
recall_15=0.769
recall_20=0.7723
recall_30=0.7723
recall_50=0.7723
F1_5=0.50922126
F1_10=0.5790834
F1_15=0.5113316
F1_20=0.42050028
F1_30=0.3083117
F1_50=0.20109895
Diversity_5=null
Diversity_10=null
Diversity_15=null
Diversity_20=null
Novelty_5=null
Novelty_10=null
Novelty_15=null
Novelty_20=null
Serendipity_5=null
Serendipity_10=null
Serendipity_15=null
Serendipity_20=null
