P_5=0.6392
P_10=0.57093334
P_15=0.50886667
P_20=0.38166666
P_30=0.25443333
P_50=0.15266667
recall_5=0.39666668
recall_10=0.59356666
recall_15=0.7012334
recall_20=0.7012334
recall_30=0.7012334
recall_50=0.7012334
F1_5=0.48954052
F1_10=0.58203006
F1_15=0.58976
F1_20=0.4942975
F1_30=0.37338778
F1_50=0.25074357
