P_5=0.6226
P_10=0.5386
P_15=0.4321
P_20=0.3241
P_30=0.2161
P_50=0.1296
recall_5=0.4608
recall_10=0.7506
recall_15=0.8727
recall_20=0.8727
recall_30=0.8727
recall_50=0.8727
F1_5=0.529618
F1_10=0.627169
F1_15=0.5780099
F1_20=0.47266385
F1_30=0.34641895
F1_50=0.22568476
Diversity_5=null
Diversity_10=null
Diversity_15=null
Diversity_20=null
Novelty_5=null
Novelty_10=null
Novelty_15=null
Novelty_20=null
Serendipity_5=null
Serendipity_10=null
Serendipity_15=null
Serendipity_20=null
