P_5=0.6407
P_10=0.55551994
P_15=0.48703998
P_20=0.36524
recall_5=0.44868
recall_10=0.64196
recall_15=0.74174
recall_20=0.74174
F1_5=0.5277667
F1_10=0.59562016
F1_15=0.58799297
F1_20=0.48946345
