P_5=0.6187
P_10=0.3093
P_15=0.2062
P_20=0.1547
P_30=0.1031
P_50=0.0619
recall_5=0.4559
recall_10=0.4559
recall_15=0.4559
recall_20=0.4559
recall_30=0.4559
recall_50=0.4559
F1_5=0.5249681
F1_10=0.36855692
F1_15=0.2839649
F1_20=0.23101124
F1_30=0.1681692
F1_50=0.10900043
Diversity_5=null
Diversity_10=null
Diversity_15=null
Diversity_20=null
Novelty_5=null
Novelty_10=null
Novelty_15=null
Novelty_20=null
Serendipity_5=null
Serendipity_10=null
Serendipity_15=null
Serendipity_20=null
