P_5=0.6001
P_10=0.5231
P_15=0.3488
P_20=0.2616
P_30=0.1744
P_50=0.1046
recall_5=0.4411
recall_10=0.7268
recall_15=0.7268
recall_20=0.7268
recall_30=0.7268
recall_50=0.7268
F1_5=0.5084597
F1_10=0.60835123
F1_15=0.4713794
F1_20=0.38472456
F1_30=0.2813003
F1_50=0.18288015
Diversity_5=null
Diversity_10=null
Diversity_15=null
Diversity_20=null
Novelty_5=null
Novelty_10=null
Novelty_15=null
Novelty_20=null
Serendipity_5=null
Serendipity_10=null
Serendipity_15=null
Serendipity_20=null
