P_5=0.68810004
P_10=0.60043335
P_15=0.5281
P_20=0.39603332
P_30=0.26403335
P_50=0.15843333
recall_5=0.41349998
recall_10=0.6092
recall_15=0.7123
recall_20=0.7123
recall_30=0.7123
recall_50=0.7123
F1_5=0.5165747
F1_10=0.6047849
F1_15=0.60652304
F1_20=0.50904274
F1_30=0.3852597
F1_50=0.25921154
