P_5=0.63246
P_10=0.31624
P_15=0.21084002
P_20=0.15812
recall_5=0.44636002
recall_10=0.44636002
recall_15=0.44636002
recall_20=0.44636002
F1_5=0.5233586
F1_10=0.37019902
F1_15=0.2863985
F1_20=0.23351789
