P_5=0.6155
P_10=0.5291
P_15=0.4182
P_20=0.3137
P_30=0.2091
P_50=0.1255
recall_5=0.4536
recall_10=0.7332
recall_15=0.8419
recall_20=0.8419
recall_30=0.8419
recall_50=0.8419
F1_5=0.5222913
F1_10=0.61464965
F1_15=0.55881685
F1_20=0.45708552
F1_30=0.33499768
F1_50=0.21843797
Diversity_5=null
Diversity_10=null
Diversity_15=null
Diversity_20=null
Novelty_5=null
Novelty_10=null
Novelty_15=null
Novelty_20=null
Serendipity_5=null
Serendipity_10=null
Serendipity_15=null
Serendipity_20=null
