P_5=0.5932
P_10=0.4997
P_15=0.3826
P_20=0.287
P_30=0.1913
P_50=0.1148
recall_5=0.4274
recall_10=0.6857
recall_15=0.7683
recall_20=0.7683
recall_30=0.7683
recall_50=0.7683
F1_5=0.49683258
F1_10=0.5781075
F1_15=0.5108204
F1_20=0.4178946
F1_30=0.30632722
F1_50=0.19975278
Diversity_5=null
Diversity_10=null
Diversity_15=null
Diversity_20=null
Novelty_5=null
Novelty_10=null
Novelty_15=null
Novelty_20=null
Serendipity_5=null
Serendipity_10=null
Serendipity_15=null
Serendipity_20=null
