P_5=0.71605
P_10=0.63525
P_15=0.4235
P_20=0.31765002
P_30=0.21175
P_50=0.12705
recall_5=0.3752
recall_10=0.57205
recall_15=0.57205
recall_20=0.57205
recall_30=0.57205
recall_50=0.57205
F1_5=0.49239305
F1_10=0.60199577
F1_15=0.48669213
F1_20=0.40847856
F1_30=0.309088
F1_50=0.20792148
