
Result Top 50 
P_5=0.68810004
P_10=0.60043335
P_15=0.5281
P_20=0.47239998
P_30=0.3891
P_50=0.28980002
recall_5=0.41349998
recall_10=0.6092
recall_15=0.7123
recall_20=0.7777
recall_30=0.85279995
recall_50=0.92436665
F1_5=0.5165747
F1_10=0.6047849
F1_15=0.60652304
F1_20=0.58776975
F1_30=0.5343819
F1_50=0.44125983
