P_5=0.6214
P_10=0.3107
P_15=0.2071
P_20=0.1553
P_30=0.1036
P_50=0.0621
recall_5=0.4616
recall_10=0.4616
recall_15=0.4616
recall_20=0.4616
recall_30=0.4616
recall_50=0.4616
F1_5=0.52971053
F1_10=0.37140778
F1_15=0.28592005
F1_20=0.23240876
F1_30=0.16922066
F1_50=0.109472446
Diversity_5=null
Diversity_10=null
Diversity_15=null
Diversity_20=null
Novelty_5=null
Novelty_10=null
Novelty_15=null
Novelty_20=null
Serendipity_5=null
Serendipity_10=null
Serendipity_15=null
Serendipity_20=null
