P_5=0.6001
P_10=0.5325
P_15=0.4314
P_20=0.3236
P_30=0.2157
P_50=0.1294
recall_5=0.4443
recall_10=0.744
recall_15=0.8714
recall_20=0.8714
recall_30=0.8714
recall_50=0.8714
F1_5=0.51057917
F1_10=0.6207286
F1_15=0.57709855
F1_20=0.47194153
F1_30=0.34580255
F1_50=0.22533804
Diversity_5=null
Diversity_10=null
Diversity_15=null
Diversity_20=null
Novelty_5=null
Novelty_10=null
Novelty_15=null
Novelty_20=null
Serendipity_5=null
Serendipity_10=null
Serendipity_15=null
Serendipity_20=null
