P_5=0.6098
P_10=0.3049
P_15=0.2033
P_20=0.1525
P_30=0.1016
P_50=0.061
recall_5=0.4502
recall_10=0.4502
recall_15=0.4502
recall_20=0.4502
recall_30=0.4502
recall_50=0.4502
F1_5=0.51798487
F1_10=0.36357033
F1_15=0.28010914
F1_20=0.22782645
F1_30=0.16578585
F1_50=0.10744209
Diversity_5=null
Diversity_10=null
Diversity_15=null
Diversity_20=null
Novelty_5=null
Novelty_10=null
Novelty_15=null
Novelty_20=null
Serendipity_5=null
Serendipity_10=null
Serendipity_15=null
Serendipity_20=null
