P_5=0.6792
P_10=0.60006666
P_15=0.5276
P_20=0.47223333
P_30=0.3148333
P_50=0.18886667
recall_5=0.4131
recall_10=0.60966665
recall_15=0.71239996
recall_20=0.7777
recall_30=0.7777
recall_50=0.7777
F1_5=0.51373714
F1_10=0.6048286
F1_15=0.60622936
F1_20=0.5876407
F1_30=0.44821674
F1_50=0.3039244
