P_5=0.5998
P_10=0.5324
P_15=0.4314
P_20=0.3235
P_30=0.2157
P_50=0.1294
recall_5=0.4442
recall_10=0.7432
recall_15=0.8712
recall_20=0.8712
recall_30=0.8712
recall_50=0.8712
F1_5=0.51040447
F1_10=0.6203821
F1_15=0.5770546
F1_20=0.4718058
F1_30=0.3457868
F1_50=0.22533137
Diversity_5=null
Diversity_10=null
Diversity_15=null
Diversity_20=null
Novelty_5=null
Novelty_10=null
Novelty_15=null
Novelty_20=null
Serendipity_5=null
Serendipity_10=null
Serendipity_15=null
Serendipity_20=null
