P_5=0.66552
P_10=0.56975996
P_15=0.37982
P_20=0.28486001
recall_5=0.45844
recall_10=0.64938
recall_15=0.64938
recall_20=0.64938
F1_5=0.54290366
F1_10=0.60697
F1_15=0.47929946
F1_20=0.39600617
