P_5=0.7251
P_10=0.6614
P_15=0.441
P_20=0.3307
P_30=0.2205
P_30=0.2205
P_50=0.1323
recall_5=0.33
recall_10=0.5252
recall_15=0.5252
recall_20=0.5252
recall_30=0.5252
recall_50=0.5252
F1_5=0.4535741
F1_10=0.5854834
F1_15=0.4794312
F1_20=0.4058503
F1_30=0.3105984
F1_50=0.21135806
