P_5=0.71555
P_10=0.6414
P_15=0.5737
P_20=0.43025
P_30=0.28685
P_50=0.17210001
recall_5=0.37525
recall_10=0.57615
recall_15=0.68575
recall_20=0.68575
recall_30=0.68575
recall_50=0.68575
F1_5=0.4923178
F1_10=0.6070266
F1_15=0.62474066
F1_20=0.5287526
F1_30=0.40449804
F1_50=0.27514735
