P_5=0.6878667
P_10=0.6056333
P_15=0.53679997
P_20=0.40260002
P_30=0.26843336
P_50=0.16106667
recall_5=0.41563332
recall_10=0.6128333
recall_15=0.7189
recall_20=0.7189
recall_30=0.7189
recall_50=0.7189
F1_5=0.51817006
F1_10=0.60921204
F1_15=0.614646
F1_20=0.5161465
F1_30=0.39090493
F1_50=0.26317093
