P_5=0.6294
P_10=0.5481
P_15=0.36542
P_20=0.27403998
recall_5=0.44400007
recall_10=0.6384
recall_15=0.6384
recall_20=0.6384
F1_5=0.5206887
F1_10=0.58981377
F1_15=0.46479276
F1_20=0.38347098
