P_5=0.589
P_10=0.4692
P_15=0.3128
P_20=0.2346
P_30=0.1564
P_50=0.0938
recall_5=0.4283
recall_10=0.6361
recall_15=0.6361
recall_20=0.6361
recall_30=0.6361
recall_50=0.6361
F1_5=0.49595734
F1_10=0.5400491
F1_15=0.41937417
F1_20=0.3427795
F1_30=0.25106886
F1_50=0.16349138
Diversity_5=null
Diversity_10=null
Diversity_15=null
Diversity_20=null
Novelty_5=null
Novelty_10=null
Novelty_15=null
Novelty_20=null
Serendipity_5=null
Serendipity_10=null
Serendipity_15=null
Serendipity_20=null
