P_5=0.5916
P_10=0.5291
P_15=0.3527
P_20=0.2645
P_30=0.1764
P_50=0.1058
recall_5=0.4365
recall_10=0.7397
recall_15=0.7397
recall_20=0.7397
recall_30=0.7397
recall_50=0.7397
F1_5=0.50235075
F1_10=0.6169219
F1_15=0.4776495
F1_20=0.3896647
F1_30=0.28486648
F1_50=0.18512186
Diversity_5=null
Diversity_10=null
Diversity_15=null
Diversity_20=null
Novelty_5=null
Novelty_10=null
Novelty_15=null
Novelty_20=null
Serendipity_5=null
Serendipity_10=null
Serendipity_15=null
Serendipity_20=null
