P_5=0.6123
P_10=0.5187
P_15=0.3458
P_20=0.2593
P_30=0.1729
P_50=0.1037
recall_5=0.4509
recall_10=0.7145
recall_15=0.7145
recall_20=0.7145
recall_30=0.7145
recall_50=0.7145
F1_5=0.5193493
F1_10=0.60105604
F1_15=0.46604568
F1_20=0.38050902
F1_30=0.27842474
F1_50=0.18111378
Diversity_5=null
Diversity_10=null
Diversity_15=null
Diversity_20=null
Novelty_5=null
Novelty_10=null
Novelty_15=null
Novelty_20=null
Serendipity_5=null
Serendipity_10=null
Serendipity_15=null
Serendipity_20=null
