P_5=0.5857
P_10=0.5121
P_15=0.3414
P_20=0.2561
P_30=0.1707
P_50=0.1024
recall_5=0.4288
recall_10=0.7072
recall_15=0.7072
recall_20=0.7072
recall_30=0.7072
recall_50=0.7072
F1_5=0.49511713
F1_10=0.594041
F1_15=0.46049607
F1_20=0.37602806
F1_30=0.27501774
F1_50=0.17889643
Diversity_5=null
Diversity_10=null
Diversity_15=null
Diversity_20=null
Novelty_5=null
Novelty_10=null
Novelty_15=null
Novelty_20=null
Serendipity_5=null
Serendipity_10=null
Serendipity_15=null
Serendipity_20=null
