P_5=0.718
P_10=0.35895002
P_15=0.2393
P_20=0.17950001
P_30=0.11965
P_50=0.0718
recall_5=0.37475002
recall_10=0.37475002
recall_15=0.37475002
recall_20=0.37475002
recall_30=0.37475002
recall_50=0.37475002
F1_5=0.49246487
F1_10=0.36667988
F1_15=0.2920859
F1_20=0.24273391
F1_30=0.18138687
F1_50=0.12051081
