P_5=0.6016
P_10=0.3008
P_15=0.2005
P_20=0.1504
P_30=0.1003
P_50=0.0602
recall_5=0.4417
recall_10=0.4417
recall_15=0.4417
recall_20=0.4417
recall_30=0.4417
recall_50=0.4417
F1_5=0.50939655
F1_10=0.3578811
F1_15=0.27580458
F1_20=0.22439343
F1_30=0.16347791
F1_50=0.105958715
Diversity_5=null
Diversity_10=null
Diversity_15=null
Diversity_20=null
Novelty_5=null
Novelty_10=null
Novelty_15=null
Novelty_20=null
Serendipity_5=null
Serendipity_10=null
Serendipity_15=null
Serendipity_20=null
