P_5=0.63244003
P_10=0.54854
P_15=0.48323998
P_20=0.43006
recall_5=0.44634
recall_10=0.6387199
recall_15=0.73910004
recall_20=0.79999995
F1_5=0.52333796
F1_10=0.59020513
F1_15=0.5843917
F1_20=0.5594004
