P_5=0.722
P_10=0.6625
P_15=0.4417
P_20=0.3313
recall_5=0.3269
recall_10=0.5272
recall_15=0.5272
recall_20=0.5272
F1_5=0.4500368
F1_10=0.5871565
F1_15=0.48067757
F1_20=0.4068989
