P_5=0.6566
P_10=0.56354
P_15=0.3757
P_20=0.28178
recall_5=0.4519
recall_10=0.64485997
recall_15=0.64485997
recall_20=0.64485997
F1_5=0.53534967
F1_10=0.6014637
F1_15=0.47478616
F1_20=0.39218825
