P_5=0.5941
P_10=0.4972
P_15=0.3315
P_20=0.2486
P_30=0.1657
P_50=0.0994
recall_5=0.4384
recall_10=0.6861
recall_15=0.6861
recall_20=0.6861
recall_30=0.6861
recall_50=0.6861
F1_5=0.5045103
F1_10=0.5765722
F1_15=0.44701678
F1_20=0.36496088
F1_30=0.266933
F1_50=0.17364313
Diversity_5=null
Diversity_10=null
Diversity_15=null
Diversity_20=null
Novelty_5=null
Novelty_10=null
Novelty_15=null
Novelty_20=null
Serendipity_5=null
Serendipity_10=null
Serendipity_15=null
Serendipity_20=null
