P_5=0.6088
P_10=0.5328
P_15=0.3552
P_20=0.2664
P_30=0.1776
P_50=0.1066
recall_5=0.4516
recall_10=0.7443
recall_15=0.7443
recall_20=0.7443
recall_30=0.7443
recall_50=0.7443
F1_5=0.5185479
F1_10=0.62103677
F1_15=0.4809011
F1_20=0.39236474
F1_30=0.28677225
F1_50=0.18649049
Diversity_5=null
Diversity_10=null
Diversity_15=null
Diversity_20=null
Novelty_5=null
Novelty_10=null
Novelty_15=null
Novelty_20=null
Serendipity_5=null
Serendipity_10=null
Serendipity_15=null
Serendipity_20=null
