P_5=0.718
P_10=0.6405
P_15=0.427
P_20=0.32025
P_30=0.2135
P_50=0.12810001
recall_5=0.37475002
recall_10=0.5737
recall_15=0.5737
recall_20=0.5737
recall_30=0.5737
recall_50=0.5737
F1_5=0.49246487
F1_10=0.60526246
F1_15=0.48959705
F1_20=0.41104633
F1_30=0.31119144
F1_50=0.20943567
