P_5=0.5972
P_10=0.5134
P_15=0.3422
P_20=0.2567
P_30=0.1711
P_50=0.1027
recall_5=0.4352
recall_10=0.7079
recall_15=0.7079
recall_20=0.7079
recall_30=0.7079
recall_50=0.7079
F1_5=0.5034898
F1_10=0.59516233
F1_15=0.46137205
F1_20=0.37677366
F1_30=0.27558973
F1_50=0.17937659
Diversity_5=null
Diversity_10=null
Diversity_15=null
Diversity_20=null
Novelty_5=null
Novelty_10=null
Novelty_15=null
Novelty_20=null
Serendipity_5=null
Serendipity_10=null
Serendipity_15=null
Serendipity_20=null
