P_5=0.63808
P_10=0.55264
P_15=0.48466
P_20=0.36348
recall_5=0.44804
recall_10=0.64049995
recall_15=0.74046004
recall_20=0.74046004
F1_5=0.5264342
F1_10=0.5933351
F1_15=0.585855
F1_20=0.48760334
