P_5=0.7203
P_10=0.3601
P_15=0.2401
P_20=0.1801
recall_5=0.33
recall_10=0.33
recall_15=0.33
recall_20=0.33
F1_5=0.4526307
F1_10=0.34439358
F1_15=0.2779618
F1_20=0.2330249
