P_5=0.664
P_10=0.33200002
P_15=0.22133999
P_20=0.16598
recall_5=0.4574
recall_10=0.4574
recall_15=0.4574
recall_20=0.4574
F1_5=0.5416686
F1_10=0.38473985
F1_15=0.29832017
F1_20=0.24357294
