P_5=0.5905
P_10=0.2952
P_15=0.1968
P_20=0.1476
P_30=0.0984
P_50=0.059
recall_5=0.4372
recall_10=0.4372
recall_15=0.4372
recall_20=0.4372
recall_30=0.4372
recall_50=0.4372
F1_5=0.5024163
F1_10=0.3524343
F1_15=0.2714226
F1_20=0.2206933
F1_30=0.16064405
F1_50=0.103969365
Diversity_5=null
Diversity_10=null
Diversity_15=null
Diversity_20=null
Novelty_5=null
Novelty_10=null
Novelty_15=null
Novelty_20=null
Serendipity_5=null
Serendipity_10=null
Serendipity_15=null
Serendipity_20=null
