P_5=0.5489
P_10=0.2744
P_15=0.183
P_20=0.1372
P_30=0.0915
P_50=0.0549
recall_5=0.3925
recall_10=0.3925
recall_15=0.3925
recall_20=0.3925
recall_30=0.3925
recall_50=0.3925
F1_5=0.45770818
F1_10=0.32299295
F1_15=0.24961773
F1_20=0.2033264
F1_30=0.14840391
F1_50=0.09632655
Diversity_5=null
Diversity_10=null
Diversity_15=null
Diversity_20=null
Novelty_5=null
Novelty_10=null
Novelty_15=null
Novelty_20=null
Serendipity_5=null
Serendipity_10=null
Serendipity_15=null
Serendipity_20=null
