P_5=0.7224
P_10=0.3612
P_15=0.2408
P_20=0.1806
recall_5=0.327
recall_10=0.327
recall_15=0.327
recall_20=0.327
F1_5=0.4502093
F1_10=0.34325022
F1_15=0.2773568
F1_20=0.23268794
