P_5=0.65668
P_10=0.32834
P_15=0.21888001
P_20=0.16414
recall_5=0.45192003
recall_10=0.45192003
recall_15=0.45192003
recall_20=0.45192003
F1_5=0.5353903
F1_10=0.38034353
F1_15=0.29492027
F1_20=0.24081469
