P_5=0.68726665
P_10=0.60536665
P_15=0.4035667
P_20=0.3027
P_30=0.2018
P_50=0.12106667
recall_5=0.41563335
recall_10=0.6134667
recall_15=0.6134667
recall_20=0.6134667
recall_30=0.6134667
recall_50=0.6134667
F1_5=0.5179997
F1_10=0.6093897
F1_15=0.48685664
F1_20=0.40537685
F1_30=0.30369836
F1_50=0.20222463
