P_5=0.6203
P_10=0.5385
P_15=0.359
P_20=0.2692
P_30=0.1795
P_50=0.1077
recall_5=0.4591
recall_10=0.7512
recall_15=0.7512
recall_20=0.7512
recall_30=0.7512
recall_50=0.7512
F1_5=0.527663
F1_10=0.6273106
F1_15=0.48582378
F1_20=0.39636034
F1_30=0.28976125
F1_50=0.18839036
Diversity_5=null
Diversity_10=null
Diversity_15=null
Diversity_20=null
Novelty_5=null
Novelty_10=null
Novelty_15=null
Novelty_20=null
Serendipity_5=null
Serendipity_10=null
Serendipity_15=null
Serendipity_20=null
