P_5=0.6037
P_10=0.5015
P_15=0.3831
P_20=0.2873
P_30=0.1915
P_50=0.1149
recall_5=0.4407
recall_10=0.687
recall_15=0.7691
recall_20=0.7691
recall_30=0.7691
recall_50=0.7691
F1_5=0.50948024
F1_10=0.57977366
F1_15=0.51144284
F1_20=0.41833094
F1_30=0.30664718
F1_50=0.1999312
Diversity_5=null
Diversity_10=null
Diversity_15=null
Diversity_20=null
Novelty_5=null
Novelty_10=null
Novelty_15=null
Novelty_20=null
Serendipity_5=null
Serendipity_10=null
Serendipity_15=null
Serendipity_20=null
