P_5=0.71145
P_10=0.64035
P_15=0.57035005
P_20=0.42775
P_30=0.28515
P_50=0.17109999
recall_5=0.3737
recall_10=0.5742
recall_15=0.68495
recall_20=0.68495
recall_30=0.68495
recall_50=0.68495
F1_5=0.49001306
F1_10=0.6054735
F1_15=0.62241894
F1_20=0.52662414
F1_30=0.40266672
F1_50=0.27380395
