P_5=0.6005
P_10=0.5306
P_15=0.3537
P_20=0.2653
P_30=0.1769
P_50=0.1061
recall_5=0.4445
recall_10=0.7414
recall_15=0.7414
recall_20=0.7414
recall_30=0.7414
recall_50=0.7414
F1_5=0.510856
F1_10=0.6185327
F1_15=0.478921
F1_20=0.39076868
F1_30=0.28564447
F1_50=0.1856343
Diversity_5=null
Diversity_10=null
Diversity_15=null
Diversity_20=null
Novelty_5=null
Novelty_10=null
Novelty_15=null
Novelty_20=null
Serendipity_5=null
Serendipity_10=null
Serendipity_15=null
Serendipity_20=null
