P_5=0.6678333
P_10=0.5893333
P_15=0.3929
P_20=0.29466665
P_30=0.19643335
P_50=0.117866665
recall_5=0.40723333
recall_10=0.60480005
recall_15=0.60480005
recall_20=0.60480005
recall_30=0.60480005
recall_50=0.60480005
F1_5=0.5059481
F1_10=0.5969665
F1_15=0.47634745
F1_20=0.39626682
F1_30=0.29655004
F1_50=0.1972853
