P_5=0.63808
P_10=0.55264
P_15=0.48464003
P_20=0.43124
recall_5=0.44804
recall_10=0.64049995
recall_15=0.74038
recall_20=0.80108005
F1_5=0.5264342
F1_10=0.5933351
F1_15=0.58581537
F1_20=0.5606624
