P_5=0.70455
P_10=0.6272
P_15=0.4181
P_20=0.31355
P_30=0.20905
P_50=0.12545
recall_5=0.36815
recall_10=0.56799996
recall_15=0.56799996
recall_20=0.56799996
recall_30=0.56799996
recall_50=0.56799996
F1_5=0.48360232
F1_10=0.5961338
F1_15=0.48165664
F1_20=0.40405285
F1_30=0.30561844
F1_50=0.20551041
