P_5=0.6057
P_10=0.3029
P_15=0.2019
P_20=0.1514
P_30=0.101
P_50=0.0606
recall_5=0.4429
recall_10=0.4429
recall_15=0.4429
recall_20=0.4429
recall_30=0.4429
recall_50=0.4429
F1_5=0.5116623
F1_10=0.35975975
F1_15=0.277362
F1_20=0.22566064
F1_30=0.16448943
F1_50=0.106612675
Diversity_5=null
Diversity_10=null
Diversity_15=null
Diversity_20=null
Novelty_5=null
Novelty_10=null
Novelty_15=null
Novelty_20=null
Serendipity_5=null
Serendipity_10=null
Serendipity_15=null
Serendipity_20=null
