P_5=0.6047
P_10=0.3024
P_15=0.2016
P_20=0.1512
P_30=0.1008
P_50=0.0605
recall_5=0.4423
recall_10=0.4423
recall_15=0.4423
recall_20=0.4423
recall_30=0.4423
recall_50=0.4423
F1_5=0.5109051
F1_10=0.35920912
F1_15=0.27696127
F1_20=0.22536059
F1_30=0.1641828
F1_50=0.10644054
Diversity_5=null
Diversity_10=null
Diversity_15=null
Diversity_20=null
Novelty_5=null
Novelty_10=null
Novelty_15=null
Novelty_20=null
Serendipity_5=null
Serendipity_10=null
Serendipity_15=null
Serendipity_20=null
