P_5=0.5828
P_10=0.2914
P_15=0.1943
P_20=0.1457
P_30=0.0971
P_50=0.0583
recall_5=0.425
recall_10=0.425
recall_15=0.425
recall_20=0.425
recall_30=0.425
recall_50=0.425
F1_5=0.49154595
F1_10=0.34574258
F1_15=0.26668012
F1_20=0.21700543
F1_30=0.15808272
F1_50=0.10253466
Diversity_5=null
Diversity_10=null
Diversity_15=null
Diversity_20=null
Novelty_5=null
Novelty_10=null
Novelty_15=null
Novelty_20=null
Serendipity_5=null
Serendipity_10=null
Serendipity_15=null
Serendipity_20=null
