P_5=0.63816
P_10=0.31908
P_15=0.21272
P_20=0.15954
recall_5=0.44816
recall_10=0.44816
recall_15=0.44816
recall_20=0.44816
F1_5=0.5265443
F1_10=0.37276182
F1_15=0.288502
F1_20=0.23531166
