P_5=0.5585
P_10=0.4196
P_15=0.2798
P_20=0.2098
P_30=0.1399
P_50=0.0839
recall_5=0.3997
recall_10=0.5673
recall_15=0.5673
recall_20=0.5673
recall_30=0.5673
recall_50=0.5673
F1_5=0.46594122
F1_10=0.4823976
F1_15=0.37476224
F1_20=0.30631718
F1_30=0.22444929
F1_50=0.14618081
Diversity_5=null
Diversity_10=null
Diversity_15=null
Diversity_20=null
Novelty_5=null
Novelty_10=null
Novelty_15=null
Novelty_20=null
Serendipity_5=null
Serendipity_10=null
Serendipity_15=null
Serendipity_20=null
