P_5=0.6906667
P_10=0.3453667
P_15=0.23020001
P_20=0.17266667
P_30=0.115100004
P_50=0.069066666
recall_5=0.4162333
recall_10=0.4162333
recall_15=0.4162333
recall_20=0.4162333
recall_30=0.4162333
recall_50=0.4162333
F1_5=0.5194299
F1_10=0.37750292
F1_15=0.29644793
F1_20=0.2440809
F1_30=0.18033296
F1_50=0.11847455
