P_5=0.6113
P_10=0.5201
P_15=0.3467
P_20=0.26
P_30=0.1734
P_50=0.104
recall_5=0.4466
recall_10=0.7152
recall_15=0.7152
recall_20=0.7152
recall_30=0.7152
recall_50=0.7152
F1_5=0.51612926
F1_10=0.6022432
F1_15=0.46701166
F1_20=0.38136175
F1_30=0.279126
F1_50=0.18159375
Diversity_5=null
Diversity_10=null
Diversity_15=null
Diversity_20=null
Novelty_5=null
Novelty_10=null
Novelty_15=null
Novelty_20=null
Serendipity_5=null
Serendipity_10=null
Serendipity_15=null
Serendipity_20=null
