P_5=0.71555
P_10=0.6414
P_15=0.42760003
P_20=0.32075
P_30=0.2138
P_50=0.1283
recall_5=0.37525
recall_10=0.57615
recall_15=0.57615
recall_20=0.57615
recall_30=0.57615
recall_50=0.57615
F1_5=0.4923178
F1_10=0.6070266
F1_15=0.49088266
F1_20=0.41208634
F1_30=0.31187004
F1_50=0.20986597
