P_5=0.5822
P_10=0.4969
P_15=0.3312
P_20=0.2484
P_30=0.1656
P_50=0.0994
recall_5=0.4256
recall_10=0.6821
recall_15=0.6821
recall_20=0.6821
recall_30=0.6821
recall_50=0.6821
F1_5=0.49173313
F1_10=0.57495415
F1_15=0.44589272
F1_20=0.3641776
F1_30=0.26649937
F1_50=0.17351437
Diversity_5=null
Diversity_10=null
Diversity_15=null
Diversity_20=null
Novelty_5=null
Novelty_10=null
Novelty_15=null
Novelty_20=null
Serendipity_5=null
Serendipity_10=null
Serendipity_15=null
Serendipity_20=null
