P_5=0.557
P_10=0.4156
P_15=0.277
P_20=0.2078
P_30=0.1385
P_50=0.0831
recall_5=0.3978
recall_10=0.562
recall_15=0.562
recall_20=0.562
recall_30=0.562
recall_50=0.562
F1_5=0.46412775
F1_10=0.47783798
F1_15=0.37109417
F1_20=0.30341285
F1_30=0.22223268
F1_50=0.14479057
Diversity_5=null
Diversity_10=null
Diversity_15=null
Diversity_20=null
Novelty_5=null
Novelty_10=null
Novelty_15=null
Novelty_20=null
Serendipity_5=null
Serendipity_10=null
Serendipity_15=null
Serendipity_20=null
