P_5=0.68983334
P_10=0.60293335
P_15=0.5317
P_20=0.39876667
P_30=0.26586667
P_50=0.1595
recall_5=0.4152
recall_10=0.6113667
recall_15=0.7149667
recall_20=0.7149667
recall_30=0.7149667
recall_50=0.7149667
F1_5=0.5183894
F1_10=0.60712075
F1_15=0.6098628
F1_20=0.51198053
F1_30=0.3876006
F1_50=0.2608154
