P_5=0.6099
P_10=0.5344
P_15=0.4318
P_20=0.328
P_30=0.2187
P_50=0.1312
recall_5=0.4521
recall_10=0.7464
recall_15=0.8724
recall_20=0.8801
recall_30=0.8801
recall_50=0.8801
F1_5=0.51927644
F1_10=0.6228547
F1_15=0.5776757
F1_20=0.47789553
F1_30=0.35034195
F1_50=0.2283578
Diversity_5=null
Diversity_10=null
Diversity_15=null
Diversity_20=null
Novelty_5=null
Novelty_10=null
Novelty_15=null
Novelty_20=null
Serendipity_5=null
Serendipity_10=null
Serendipity_15=null
Serendipity_20=null
