P_5=0.68590003
P_10=0.60513335
P_15=0.5332666
P_20=0.47743335
P_30=0.39336666
P_50=0.29213333
recall_5=0.41373333
recall_10=0.61196667
recall_15=0.7167333
recall_20=0.7815666
recall_30=0.85663337
recall_50=0.92716664
F1_5=0.51613516
F1_10=0.6085308
F1_15=0.61153597
F1_20=0.5927657
F1_30=0.53915364
F1_50=0.4442816
