P_5=0.6169
P_10=0.5299
P_15=0.3533
P_20=0.265
P_30=0.1766
P_50=0.106
recall_5=0.4544
recall_10=0.7353
recall_15=0.7353
recall_20=0.7353
recall_30=0.7353
recall_50=0.7353
F1_5=0.5233256
F1_10=0.6159271
F1_15=0.47727633
F1_20=0.38959214
F1_30=0.28479874
F1_50=0.18528895
Diversity_5=null
Diversity_10=null
Diversity_15=null
Diversity_20=null
Novelty_5=null
Novelty_10=null
Novelty_15=null
Novelty_20=null
Serendipity_5=null
Serendipity_10=null
Serendipity_15=null
Serendipity_20=null
