P_5=0.71145
P_10=0.35575
P_15=0.23715
P_20=0.17785001
P_30=0.118599996
P_50=0.071150005
recall_5=0.3737
recall_10=0.3737
recall_15=0.3737
recall_20=0.3737
recall_30=0.3737
recall_50=0.3737
F1_5=0.49001306
F1_10=0.36450413
F1_15=0.29016274
F1_20=0.24100278
F1_30=0.18005614
F1_50=0.11954033
