P_5=0.5934
P_10=0.512
P_15=0.4029
P_20=0.3022
P_30=0.2015
P_50=0.1209
recall_5=0.4344
recall_10=0.7092
recall_15=0.8089
recall_20=0.8089
recall_30=0.8089
recall_50=0.8089
F1_5=0.5016014
F1_10=0.59467804
F1_15=0.53788716
F1_20=0.44001365
F1_30=0.3226313
F1_50=0.21035925
Diversity_5=null
Diversity_10=null
Diversity_15=null
Diversity_20=null
Novelty_5=null
Novelty_10=null
Novelty_15=null
Novelty_20=null
Serendipity_5=null
Serendipity_10=null
Serendipity_15=null
Serendipity_20=null
