P_5=0.6749
P_10=0.3375
P_15=0.225
P_20=0.1687
recall_5=0.3138
recall_10=0.3138
recall_15=0.3138
recall_20=0.3138
F1_5=0.42840824
F1_10=0.3252188
F1_15=0.26208243
F1_20=0.21943235
