P_5=0.7294
P_10=0.3647
P_15=0.2431
P_20=0.1824
P_30=0.1216
P_30=0.1216
P_50=0.0729
recall_5=0.3311
recall_10=0.3311
recall_15=0.3311
recall_20=0.3311
recall_30=0.3311
recall_50=0.3311
F1_5=0.45545375
F1_10=0.34708875
F1_15=0.2803567
F1_20=0.23521963
F1_30=0.17787392
F1_50=0.11949103
