P_5=0.66503996
P_10=0.33254
P_15=0.22168
P_20=0.16628
recall_5=0.45706
recall_10=0.45706
recall_15=0.45706
recall_20=0.45706
F1_5=0.5417755
F1_10=0.3849816
F1_15=0.29855633
F1_20=0.24384746
