P_5=0.5938
P_10=0.2969
P_15=0.1979
P_20=0.1484
P_30=0.099
P_50=0.0594
recall_5=0.4414
recall_10=0.4414
recall_15=0.4414
recall_20=0.4414
recall_30=0.4414
recall_50=0.4414
F1_5=0.506382
F1_10=0.35500926
F1_15=0.27327722
F1_20=0.22212192
F1_30=0.16172688
F1_50=0.1047091
Diversity_5=null
Diversity_10=null
Diversity_15=null
Diversity_20=null
Novelty_5=null
Novelty_10=null
Novelty_15=null
Novelty_20=null
Serendipity_5=null
Serendipity_10=null
Serendipity_15=null
Serendipity_20=null
