P_5=0.66503996
P_10=0.56815994
P_15=0.37879997
P_20=0.2841
recall_5=0.45706
recall_10=0.64794004
recall_15=0.64794004
recall_20=0.64794004
F1_5=0.5417755
F1_10=0.60543305
F1_15=0.47809502
F1_20=0.395004
