P_5=0.7294
P_10=0.6577
P_15=0.4385
P_20=0.3289
P_30=0.2192
P_30=0.2192
P_50=0.1315
recall_5=0.3311
recall_10=0.5238
recall_15=0.5238
recall_20=0.5238
recall_30=0.5238
recall_50=0.5238
F1_5=0.45545375
F1_10=0.5831626
F1_15=0.47736943
F1_20=0.40407604
F1_30=0.30906314
F1_50=0.21022342
