P_5=0.64576
P_10=0.55771995
P_15=0.48845997
P_20=0.36636
recall_5=0.45121998
recall_10=0.64318
recall_15=0.74303997
recall_20=0.74303997
F1_5=0.53124
F1_10=0.5974091
F1_15=0.5894362
F1_20=0.49075198
