P_5=0.589
P_10=0.4625
P_15=0.3083
P_20=0.2312
P_30=0.1542
P_50=0.0925
recall_5=0.4296
recall_10=0.6276
recall_15=0.6276
recall_20=0.6276
recall_30=0.6276
recall_50=0.6276
F1_5=0.49682778
F1_10=0.5325475
F1_15=0.41348237
F1_20=0.33791596
F1_30=0.24757206
F1_50=0.16123593
Diversity_5=null
Diversity_10=null
Diversity_15=null
Diversity_20=null
Novelty_5=null
Novelty_10=null
Novelty_15=null
Novelty_20=null
Serendipity_5=null
Serendipity_10=null
Serendipity_15=null
Serendipity_20=null
