P_5=0.6392
P_10=0.57093334
P_15=0.38059998
P_20=0.28546667
P_30=0.19033332
P_50=0.114199996
recall_5=0.39666668
recall_10=0.59356666
recall_15=0.59356666
recall_20=0.59356666
recall_30=0.59356666
recall_50=0.59356666
F1_5=0.48954052
F1_10=0.58203006
F1_15=0.46380454
F1_20=0.38552237
F1_30=0.28823963
F1_50=0.19154705
