P_5=0.6126
P_10=0.3063
P_15=0.2042
P_20=0.1532
P_30=0.1021
P_50=0.0613
recall_5=0.4484
recall_10=0.4484
recall_15=0.4484
recall_20=0.4484
recall_30=0.4484
recall_50=0.4484
F1_5=0.51779425
F1_10=0.36397225
F1_15=0.2806107
F1_20=0.22837394
F1_30=0.16632749
F1_50=0.10785528
Diversity_5=null
Diversity_10=null
Diversity_15=null
Diversity_20=null
Novelty_5=null
Novelty_10=null
Novelty_15=null
Novelty_20=null
Serendipity_5=null
Serendipity_10=null
Serendipity_15=null
Serendipity_20=null
