P_5=0.5556
P_10=0.2778
P_15=0.1852
P_20=0.1389
P_30=0.0926
P_50=0.0556
recall_5=0.3991
recall_10=0.3991
recall_15=0.3991
recall_20=0.3991
recall_30=0.3991
recall_50=0.3991
F1_5=0.4645228
F1_10=0.32758155
F1_15=0.25299782
F1_20=0.20607804
F1_30=0.15032199
F1_50=0.09760264
Diversity_5=null
Diversity_10=null
Diversity_15=null
Diversity_20=null
Novelty_5=null
Novelty_10=null
Novelty_15=null
Novelty_20=null
Serendipity_5=null
Serendipity_10=null
Serendipity_15=null
Serendipity_20=null
