P_5=0.66695
P_10=0.6077
P_15=0.40515
P_20=0.3039
P_30=0.20255
P_50=0.12155
recall_5=0.35689998
recall_10=0.55904996
recall_15=0.55904996
recall_20=0.55904996
recall_30=0.55904996
recall_50=0.55904996
F1_5=0.46497914
F1_10=0.5823607
F1_15=0.46981767
F1_20=0.39375466
F1_30=0.29736233
F1_50=0.19968417
