P_5=0.6226
P_10=0.5385
P_15=0.359
P_20=0.2693
P_30=0.1795
P_50=0.1077
recall_5=0.4608
recall_10=0.7505
recall_15=0.7505
recall_20=0.7505
recall_30=0.7505
recall_50=0.7505
F1_5=0.529618
F1_10=0.6270663
F1_15=0.48567733
F1_20=0.39637116
F1_30=0.28970915
F1_50=0.18836834
Diversity_5=null
Diversity_10=null
Diversity_15=null
Diversity_20=null
Novelty_5=null
Novelty_10=null
Novelty_15=null
Novelty_20=null
Serendipity_5=null
Serendipity_10=null
Serendipity_15=null
Serendipity_20=null
