P_5=0.5919
P_10=0.296
P_15=0.1973
P_20=0.148
P_30=0.0987
P_50=0.0592
recall_5=0.4331
recall_10=0.4331
recall_15=0.4331
recall_20=0.4331
recall_30=0.4331
recall_50=0.4331
F1_5=0.50019884
F1_10=0.35165983
F1_15=0.27109972
F1_20=0.22061194
F1_30=0.16076334
F1_50=0.10416218
Diversity_5=null
Diversity_10=null
Diversity_15=null
Diversity_20=null
Novelty_5=null
Novelty_10=null
Novelty_15=null
Novelty_20=null
Serendipity_5=null
Serendipity_10=null
Serendipity_15=null
Serendipity_20=null
