P_5=0.5474
P_10=0.2737
P_15=0.1825
P_20=0.1369
P_30=0.0912
P_50=0.0547
recall_5=0.391
recall_10=0.391
recall_15=0.391
recall_20=0.391
recall_30=0.391
recall_50=0.391
F1_5=0.45616665
F1_10=0.32199997
F1_15=0.24884917
F1_20=0.20279561
F1_30=0.14790212
F1_50=0.09597353
Diversity_5=null
Diversity_10=null
Diversity_15=null
Diversity_20=null
Novelty_5=null
Novelty_10=null
Novelty_15=null
Novelty_20=null
Serendipity_5=null
Serendipity_10=null
Serendipity_15=null
Serendipity_20=null
