P_5=0.6034
P_10=0.5025
P_15=0.3832
P_20=0.2889
P_30=0.1926
P_50=0.1156
recall_5=0.4401
recall_10=0.6884
recall_15=0.7694
recall_20=0.7723
recall_30=0.7723
recall_50=0.7723
F1_5=0.5089724
F1_10=0.5809404
F1_15=0.5115982
F1_20=0.42050028
F1_30=0.3083117
F1_50=0.20109895
Diversity_5=null
Diversity_10=null
Diversity_15=null
Diversity_20=null
Novelty_5=null
Novelty_10=null
Novelty_15=null
Novelty_20=null
Serendipity_5=null
Serendipity_10=null
Serendipity_15=null
Serendipity_20=null
