P_5=0.7255
P_10=0.3627
P_15=0.2418
P_20=0.1814
recall_5=0.3312
recall_10=0.3312
recall_15=0.3312
recall_20=0.3312
F1_5=0.4547849
F1_10=0.34623504
F1_15=0.27952585
F1_20=0.23441155
