P_5=0.68726665
P_10=0.3436
P_15=0.22906667
P_20=0.1718
P_30=0.11453333
P_50=0.068733335
recall_5=0.41563335
recall_10=0.41563335
recall_15=0.41563335
recall_20=0.41563335
recall_30=0.41563335
recall_50=0.41563335
F1_5=0.5179997
F1_10=0.37619954
F1_15=0.29535517
F1_20=0.24311121
F1_30=0.17958078
F1_50=0.11795966
