P_5=0.557
P_10=0.417
P_15=0.278
P_20=0.2085
P_30=0.139
P_50=0.0834
recall_5=0.4014
recall_10=0.5633
recall_15=0.5633
recall_20=0.5633
recall_30=0.5633
recall_50=0.5633
F1_5=0.46656886
F1_10=0.47923312
F1_15=0.37227482
F1_20=0.3043484
F1_30=0.22297794
F1_50=0.14528906
Diversity_5=null
Diversity_10=null
Diversity_15=null
Diversity_20=null
Novelty_5=null
Novelty_10=null
Novelty_15=null
Novelty_20=null
Serendipity_5=null
Serendipity_10=null
Serendipity_15=null
Serendipity_20=null
