P_5=0.7203
P_10=0.6582
P_15=0.5994
P_20=0.4496
recall_5=0.33
recall_10=0.5275
recall_15=0.6429
recall_20=0.6429
F1_5=0.4526307
F1_10=0.58564645
F1_15=0.6203884
F1_20=0.52914935
