P_5=0.64673996
P_10=0.55604
P_15=0.48444
P_20=0.36330003
recall_5=0.44941998
recall_10=0.64116
recall_15=0.73906004
recall_20=0.73906004
F1_5=0.53032017
F1_10=0.595574
F1_15=0.58525586
F1_20=0.48713765
