P_5=0.7059
P_10=0.6451
P_15=0.5891
P_20=0.4418
P_30=0.2946
P_30=0.2946
P_50=0.1767
recall_5=0.3209
recall_10=0.5194
recall_15=0.6349
recall_20=0.6349
recall_30=0.6349
recall_50=0.6349
F1_5=0.44122186
F1_10=0.5754658
F1_15=0.6111431
F1_20=0.5210343
F1_30=0.40245625
F1_50=0.2764584
