P_5=0.66380006
P_10=0.5698401
P_15=0.3799
P_20=0.28491998
recall_5=0.45786
recall_10=0.64966
recall_15=0.64966
recall_20=0.64966
F1_5=0.5419244
F1_10=0.6071378
F1_15=0.47943944
F1_20=0.39611614
