
Result Top 5 
P_5=0.65668
P_10=0.32834
P_15=0.21888001
P_20=0.16414
recall_5=0.45192003
recall_10=0.45192003
recall_15=0.45192003
recall_20=0.45192003
F1_5=0.5353903
F1_10=0.38034353
F1_15=0.29492027
F1_20=0.24081469

Result Top 10 
P_5=0.6566
P_10=0.56354
P_15=0.3757
P_20=0.28178
recall_5=0.4519
recall_10=0.64485997
recall_15=0.64485997
recall_20=0.64485997
F1_5=0.53534967
F1_10=0.6014637
F1_15=0.47478616
F1_20=0.39218825

Result Top 15 
P_5=0.6566
P_10=0.56354
P_15=0.48773998
P_20=0.36578
recall_5=0.4519
recall_10=0.64485997
recall_15=0.74016
recall_20=0.74016
F1_5=0.53534967
F1_10=0.6014637
F1_15=0.5880049
F1_20=0.4896029

Result Top 20 
P_5=0.6566
P_10=0.56354
P_15=0.48773998
P_20=0.43118
recall_5=0.4519
recall_10=0.64485997
recall_15=0.74016
recall_20=0.79932
F1_5=0.53534967
F1_10=0.6014637
F1_15=0.5880049
F1_20=0.5601801
