
Result Top 5 
P_5=0.664
P_10=0.33200002
P_15=0.22133999
P_20=0.16598
recall_5=0.4574
recall_10=0.4574
recall_15=0.4574
recall_20=0.4574
F1_5=0.5416686
F1_10=0.38473985
F1_15=0.29832017
F1_20=0.24357294

Result Top 10 
P_5=0.66398
P_10=0.56804
P_15=0.3787
P_20=0.28399998
recall_5=0.45741996
recall_10=0.64822
recall_15=0.64822
recall_20=0.64822
F1_5=0.5416759
F1_10=0.60548717
F1_15=0.4780916
F1_20=0.3949593

Result Top 15 
P_5=0.66398
P_10=0.56804
P_15=0.49317998
P_20=0.36988002
recall_5=0.45741996
recall_10=0.64822
recall_15=0.74532
recall_20=0.74532
F1_5=0.5416759
F1_10=0.60548717
F1_15=0.593584
F1_20=0.49440277

Result Top 20 
P_5=0.66398
P_10=0.56804
P_15=0.49317998
P_20=0.43592
recall_5=0.45741996
recall_10=0.64822
recall_15=0.74532
recall_20=0.80352
F1_5=0.5416759
F1_10=0.60548717
F1_15=0.593584
F1_20=0.5652076
