
Result Top 5 
P_5=0.66482
P_10=0.33244
P_15=0.22160001
P_20=0.16622
recall_5=0.45707998
recall_10=0.45707998
recall_15=0.45707998
recall_20=0.45707998
F1_5=0.54171664
F1_10=0.38492164
F1_15=0.29848802
F1_20=0.24378577

Result Top 10 
P_5=0.66482
P_10=0.56912005
P_15=0.37939999
P_20=0.28460002
recall_5=0.45707998
recall_10=0.64900005
recall_15=0.64900005
recall_20=0.64900005
F1_5=0.54171664
F1_10=0.6064409
F1_15=0.4788615
F1_20=0.39568424

Result Top 15 
P_5=0.66482
P_10=0.56912005
P_15=0.49456
P_20=0.37092
recall_5=0.45707998
recall_10=0.64900005
recall_15=0.74608
recall_20=0.74608
F1_5=0.54171664
F1_10=0.6064409
F1_15=0.5948242
F1_20=0.49549866

Result Top 20 
P_5=0.66482
P_10=0.56912005
P_15=0.49456
P_20=0.43711996
recall_5=0.45707998
recall_10=0.64900005
recall_15=0.74608
recall_20=0.8045799
F1_5=0.54171664
F1_10=0.6064409
F1_15=0.5948242
F1_20=0.5664782
