P_5=0.5927
P_10=0.4968
P_15=0.3312
P_20=0.2484
P_30=0.1656
P_50=0.0994
recall_5=0.4293
recall_10=0.6809
recall_15=0.6809
recall_20=0.6809
recall_30=0.6809
recall_50=0.6809
F1_5=0.49793756
F1_10=0.57446057
F1_15=0.44563594
F1_20=0.36400637
F1_30=0.26640764
F1_50=0.17347547
Diversity_5=null
Diversity_10=null
Diversity_15=null
Diversity_20=null
Novelty_5=null
Novelty_10=null
Novelty_15=null
Novelty_20=null
Serendipity_5=null
Serendipity_10=null
Serendipity_15=null
Serendipity_20=null
