P_5=0.5924
P_10=0.5123
P_15=0.3415
P_20=0.2562
P_30=0.1708
P_50=0.1025
recall_5=0.4343
recall_10=0.7075
recall_15=0.7075
recall_20=0.7075
recall_30=0.7075
recall_50=0.7075
F1_5=0.50117725
F1_10=0.59428144
F1_15=0.46065062
F1_20=0.37617826
F1_30=0.27517024
F1_50=0.17905864
Diversity_5=null
Diversity_10=null
Diversity_15=null
Diversity_20=null
Novelty_5=null
Novelty_10=null
Novelty_15=null
Novelty_20=null
Serendipity_5=null
Serendipity_10=null
Serendipity_15=null
Serendipity_20=null
