P_5=0.6207
P_10=0.3103
P_15=0.2069
P_20=0.1552
P_30=0.1034
P_50=0.0621
recall_5=0.4589
recall_10=0.4589
recall_15=0.4589
recall_20=0.4589
recall_30=0.4589
recall_50=0.4589
F1_5=0.5276755
F1_10=0.37024617
F1_15=0.28521
F1_20=0.23195338
F1_30=0.16877203
F1_50=0.109396115
Diversity_5=null
Diversity_10=null
Diversity_15=null
Diversity_20=null
Novelty_5=null
Novelty_10=null
Novelty_15=null
Novelty_20=null
Serendipity_5=null
Serendipity_10=null
Serendipity_15=null
Serendipity_20=null
