P_5=0.6207
P_10=0.3103
P_15=0.2069
P_20=0.1552
P_30=0.1034
P_50=0.0621
recall_5=0.4603
recall_10=0.4603
recall_15=0.4603
recall_20=0.4603
recall_30=0.4603
recall_50=0.4603
F1_5=0.52859986
F1_10=0.370701
F1_15=0.28547984
F1_20=0.2321318
F1_30=0.16886649
F1_50=0.10943579
Diversity_5=null
Diversity_10=null
Diversity_15=null
Diversity_20=null
Novelty_5=null
Novelty_10=null
Novelty_15=null
Novelty_20=null
Serendipity_5=null
Serendipity_10=null
Serendipity_15=null
Serendipity_20=null
