P_5=0.6012
P_10=0.5012
P_15=0.3341
P_20=0.2506
P_30=0.1671
P_50=0.1002
recall_5=0.4378
recall_10=0.6868
recall_15=0.6868
recall_20=0.6868
recall_30=0.6868
recall_50=0.6868
F1_5=0.5066513
F1_10=0.579502
F1_15=0.4495247
F1_20=0.36721164
F1_30=0.2688003
F1_50=0.17488529
Diversity_5=null
Diversity_10=null
Diversity_15=null
Diversity_20=null
Novelty_5=null
Novelty_10=null
Novelty_15=null
Novelty_20=null
Serendipity_5=null
Serendipity_10=null
Serendipity_15=null
Serendipity_20=null
