P_5=0.5912
P_10=0.2956
P_15=0.1971
P_20=0.1478
P_30=0.0985
P_50=0.0591
recall_5=0.434
recall_10=0.434
recall_15=0.434
recall_20=0.434
recall_30=0.434
recall_50=0.434
F1_5=0.50054777
F1_10=0.35167328
F1_15=0.27108666
F1_20=0.22050603
F1_30=0.16055962
F1_50=0.104033254
Diversity_5=null
Diversity_10=null
Diversity_15=null
Diversity_20=null
Novelty_5=null
Novelty_10=null
Novelty_15=null
Novelty_20=null
Serendipity_5=null
Serendipity_10=null
Serendipity_15=null
Serendipity_20=null
