P_5=0.7203
P_10=0.6582
P_15=0.4388
P_20=0.3291
recall_5=0.33
recall_10=0.5275
recall_15=0.5275
recall_20=0.5275
F1_5=0.4526307
F1_10=0.58564645
F1_15=0.47907895
F1_20=0.40532395
