P_5=0.6841
P_10=0.6427
P_15=0.4285
P_20=0.3214
P_30=0.2142
P_50=0.1285
recall_5=0.3119
recall_10=0.5181
recall_15=0.5181
recall_20=0.5181
recall_30=0.5181
recall_50=0.5181
F1_5=0.42845538
F1_10=0.57371277
F1_15=0.4690595
F1_20=0.396706
F1_30=0.30309168
F1_50=0.20592593
