P_5=0.7059
P_10=0.3529
P_15=0.2353
P_20=0.1765
P_30=0.1176
P_30=0.1176
P_50=0.0706
recall_5=0.3209
recall_10=0.3209
recall_15=0.3209
recall_20=0.3209
recall_30=0.3209
recall_50=0.3209
F1_5=0.44122186
F1_10=0.33614013
F1_15=0.271513
F1_20=0.22773965
F1_30=0.17212242
F1_50=0.11573712
