P_5=0.64673996
P_10=0.32336003
P_15=0.21557999
P_20=0.16167998
recall_5=0.44941998
recall_10=0.44941998
recall_15=0.44941998
recall_20=0.44941998
F1_5=0.53032017
F1_10=0.37610823
F1_15=0.29138634
F1_20=0.23780794
