P_5=0.5858
P_10=0.468
P_15=0.312
P_20=0.234
P_30=0.156
P_50=0.0936
recall_5=0.4236
recall_10=0.6352
recall_15=0.6352
recall_20=0.6352
recall_30=0.6352
recall_50=0.6352
F1_5=0.49166805
F1_10=0.5389297
F1_15=0.41845945
F1_20=0.3420083
F1_30=0.2504833
F1_50=0.16315785
Diversity_5=null
Diversity_10=null
Diversity_15=null
Diversity_20=null
Novelty_5=null
Novelty_10=null
Novelty_15=null
Novelty_20=null
Serendipity_5=null
Serendipity_10=null
Serendipity_15=null
Serendipity_20=null
