P_5=0.719
P_10=0.6582
P_15=0.4388
P_20=0.3291
P_30=0.2194
P_30=0.2194
P_50=0.1316
recall_5=0.3287
recall_10=0.524
recall_15=0.524
recall_20=0.524
recall_30=0.524
recall_50=0.524
F1_5=0.45115072
F1_10=0.583483
F1_15=0.47763026
F1_20=0.40428647
F1_30=0.30929676
F1_50=0.21036729
