P_5=0.6821334
P_10=0.6018
P_15=0.40119997
P_20=0.3009
P_30=0.20059998
P_50=0.12036666
recall_5=0.4139
recall_10=0.6106333
recall_15=0.6106333
recall_20=0.6106333
recall_30=0.6106333
recall_50=0.6106333
F1_5=0.5151942
F1_10=0.6061845
F1_15=0.48424196
F1_20=0.40314394
F1_30=0.30199215
F1_50=0.20109412
