P_5=0.7237
P_10=0.3619
P_15=0.2412
P_20=0.1809
recall_5=0.3301
recall_10=0.3301
recall_15=0.3301
recall_20=0.3301
F1_5=0.45339411
F1_10=0.34526932
F1_15=0.27873313
F1_20=0.23371856
