P_5=0.719
P_10=0.6582
P_15=0.598
P_20=0.4485
P_30=0.299
P_30=0.299
P_50=0.1794
recall_5=0.3287
recall_10=0.524
recall_15=0.64
recall_20=0.64
recall_30=0.64
recall_50=0.64
F1_5=0.45115072
F1_10=0.583483
F1_15=0.61828756
F1_20=0.52740467
F1_30=0.40758252
F1_50=0.28024408
