P_5=0.65932
P_10=0.56498003
P_15=0.49053997
P_20=0.36789998
recall_5=0.4554
recall_10=0.64623994
recall_15=0.7437
recall_20=0.7437
F1_5=0.53870803
F1_10=0.6028841
F1_15=0.5911566
F1_20=0.49227637
