P_5=0.5701
P_10=0.2851
P_15=0.19
P_20=0.1425
P_30=0.095
P_50=0.057
recall_5=0.4114
recall_10=0.4114
recall_15=0.4114
recall_20=0.4114
recall_30=0.4114
recall_50=0.4114
F1_5=0.4779198
F1_10=0.33679867
F1_15=0.2599468
F1_20=0.211679
F1_30=0.15435624
F1_50=0.100127235
Diversity_5=null
Diversity_10=null
Diversity_15=null
Diversity_20=null
Novelty_5=null
Novelty_10=null
Novelty_15=null
Novelty_20=null
Serendipity_5=null
Serendipity_10=null
Serendipity_15=null
Serendipity_20=null
