P_5=0.71575
P_10=0.35785002
P_15=0.23855
P_20=0.17895
P_30=0.1193
P_50=0.0716
recall_5=0.37475
recall_10=0.37475
recall_15=0.37475
recall_20=0.37475
recall_30=0.37475
recall_50=0.37475
F1_5=0.49193454
F1_10=0.36610508
F1_15=0.29152656
F1_20=0.24223049
F1_30=0.18098441
F1_50=0.12022897
