P_5=0.5541
P_10=0.4185
P_15=0.279
P_20=0.2093
P_30=0.1395
P_50=0.0837
recall_5=0.3945
recall_10=0.5659
recall_15=0.5659
recall_20=0.5659
recall_30=0.5659
recall_50=0.5659
F1_5=0.4608738
F1_10=0.4811645
F1_15=0.37373918
F1_20=0.30558017
F1_30=0.22382493
F1_50=0.14583077
Diversity_5=null
Diversity_10=null
Diversity_15=null
Diversity_20=null
Novelty_5=null
Novelty_10=null
Novelty_15=null
Novelty_20=null
Serendipity_5=null
Serendipity_10=null
Serendipity_15=null
Serendipity_20=null
