P_5=0.6006
P_10=0.5316
P_15=0.4314
P_20=0.3236
P_30=0.2157
P_50=0.1294
recall_5=0.4448
recall_10=0.7418
recall_15=0.8713
recall_20=0.8713
recall_30=0.8713
recall_50=0.8713
F1_5=0.5110903
F1_10=0.6193511
F1_15=0.57707655
F1_20=0.4719268
F1_30=0.34579468
F1_50=0.2253347
Diversity_5=null
Diversity_10=null
Diversity_15=null
Diversity_20=null
Novelty_5=null
Novelty_10=null
Novelty_15=null
Novelty_20=null
Serendipity_5=null
Serendipity_10=null
Serendipity_15=null
Serendipity_20=null
