P_5=0.5452
P_10=0.2726
P_15=0.1817
P_20=0.1363
P_30=0.0909
P_50=0.0545
recall_5=0.3925
recall_10=0.3925
recall_15=0.3925
recall_20=0.3925
recall_30=0.3925
recall_50=0.3925
F1_5=0.45641676
F1_10=0.3217426
F1_15=0.2484056
F1_20=0.20233642
F1_30=0.14761376
F1_50=0.095710285
Diversity_5=null
Diversity_10=null
Diversity_15=null
Diversity_20=null
Novelty_5=null
Novelty_10=null
Novelty_15=null
Novelty_20=null
Serendipity_5=null
Serendipity_10=null
Serendipity_15=null
Serendipity_20=null
