P_5=0.6073
P_10=0.5001
P_15=0.3334
P_20=0.25
P_30=0.1667
P_50=0.1
recall_5=0.4442
recall_10=0.6855
recall_15=0.6855
recall_20=0.6855
recall_30=0.6855
recall_50=0.6855
F1_5=0.5131007
F1_10=0.57830393
F1_15=0.44861263
F1_20=0.36638162
F1_30=0.26818317
F1_50=0.17453851
Diversity_5=null
Diversity_10=null
Diversity_15=null
Diversity_20=null
Novelty_5=null
Novelty_10=null
Novelty_15=null
Novelty_20=null
Serendipity_5=null
Serendipity_10=null
Serendipity_15=null
Serendipity_20=null
