P_5=0.71515
P_10=0.63875
P_15=0.56694996
P_20=0.5126
P_30=0.34175003
P_50=0.20504999
recall_5=0.3742
recall_10=0.57365
recall_15=0.68079996
recall_20=0.75155
recall_30=0.75155
recall_50=0.75155
F1_5=0.4913189
F1_10=0.60445225
F1_15=0.6186809
F1_20=0.6094918
F1_30=0.46984762
F1_50=0.32219386
