P_5=0.7185
P_10=0.3593
P_15=0.2395
P_20=0.1796
P_30=0.1198
P_30=0.1198
P_50=0.0719
recall_5=0.329
recall_10=0.329
recall_15=0.329
recall_20=0.329
recall_30=0.329
recall_50=0.329
F1_5=0.45133463
F1_10=0.34348306
F1_15=0.27720493
F1_20=0.23235705
F1_30=0.17564261
F1_50=0.11800998
