P_5=0.66152006
P_10=0.33078
P_15=0.22051999
P_20=0.16538
recall_5=0.45653996
recall_10=0.45653996
recall_15=0.45653996
recall_20=0.45653996
F1_5=0.54024
F1_10=0.38361603
F1_15=0.29739225
F1_20=0.24280481
