P_5=0.6882667
P_10=0.34413335
P_15=0.22943334
P_20=0.17206667
P_30=0.1147
P_50=0.068799995
recall_5=0.41483334
recall_10=0.41483334
recall_15=0.41483334
recall_20=0.41483334
recall_30=0.41483334
recall_50=0.41483334
F1_5=0.51766104
F1_10=0.37619036
F1_15=0.29545715
F1_20=0.24324073
F1_30=0.17971063
F1_50=0.11802549
