P_5=0.6173
P_10=0.3087
P_15=0.2058
P_20=0.1543
P_30=0.1029
P_50=0.0617
recall_5=0.454
recall_10=0.454
recall_15=0.454
recall_20=0.454
recall_30=0.454
recall_50=0.454
F1_5=0.5232039
F1_10=0.36750966
F1_15=0.28321674
F1_20=0.23032123
F1_30=0.16777374
F1_50=0.10863604
Diversity_5=null
Diversity_10=null
Diversity_15=null
Diversity_20=null
Novelty_5=null
Novelty_10=null
Novelty_15=null
Novelty_20=null
Serendipity_5=null
Serendipity_10=null
Serendipity_15=null
Serendipity_20=null
