P_5=0.68590003
P_10=0.60513335
P_15=0.40340003
P_20=0.30253333
P_30=0.20170002
P_50=0.12106667
recall_5=0.41373333
recall_10=0.61196667
recall_15=0.61196667
recall_20=0.61196667
recall_30=0.61196667
recall_50=0.61196667
F1_5=0.51613516
F1_10=0.6085308
F1_15=0.4862625
F1_20=0.40489954
F1_30=0.3034011
F1_50=0.20214297
