P_5=0.6407
P_10=0.55553997
P_15=0.37034002
P_20=0.27778
recall_5=0.44868
recall_10=0.642
recall_15=0.642
recall_20=0.642
F1_5=0.5277667
F1_10=0.5956488
F1_15=0.4697202
F1_20=0.38777697
