P_5=0.6133
P_10=0.3067
P_15=0.2044
P_20=0.1533
P_30=0.1022
P_50=0.0613
recall_5=0.4486
recall_10=0.4486
recall_15=0.4486
recall_20=0.4486
recall_30=0.4486
recall_50=0.4486
F1_5=0.51817757
F1_10=0.36432043
F1_15=0.28083873
F1_20=0.22851099
F1_30=0.16647394
F1_50=0.10786107
Diversity_5=null
Diversity_10=null
Diversity_15=null
Diversity_20=null
Novelty_5=null
Novelty_10=null
Novelty_15=null
Novelty_20=null
Serendipity_5=null
Serendipity_10=null
Serendipity_15=null
Serendipity_20=null
