P_5=0.6181
P_10=0.309
P_15=0.206
P_20=0.1545
P_30=0.103
P_50=0.0618
recall_5=0.4549
recall_10=0.4549
recall_15=0.4549
recall_20=0.4549
recall_30=0.4549
recall_50=0.4549
F1_5=0.52408886
F1_10=0.36801702
F1_15=0.2835812
F1_20=0.23065984
F1_30=0.1679681
F1_50=0.1088168
Diversity_5=null
Diversity_10=null
Diversity_15=null
Diversity_20=null
Novelty_5=null
Novelty_10=null
Novelty_15=null
Novelty_20=null
Serendipity_5=null
Serendipity_10=null
Serendipity_15=null
Serendipity_20=null
