P_5=0.5916
P_10=0.2958
P_15=0.1972
P_20=0.1479
P_30=0.0986
P_50=0.0592
recall_5=0.4375
recall_10=0.4375
recall_15=0.4375
recall_20=0.4375
recall_30=0.4375
recall_50=0.4375
F1_5=0.50301236
F1_10=0.35295925
F1_15=0.27186072
F1_20=0.2210668
F1_30=0.16093078
F1_50=0.10428831
Diversity_5=null
Diversity_10=null
Diversity_15=null
Diversity_20=null
Novelty_5=null
Novelty_10=null
Novelty_15=null
Novelty_20=null
Serendipity_5=null
Serendipity_10=null
Serendipity_15=null
Serendipity_20=null
