P_5=0.6174
P_10=0.53
P_15=0.4182
P_20=0.3137
P_30=0.2091
P_50=0.1255
recall_5=0.4536
recall_10=0.7355
recall_15=0.842
recall_20=0.842
recall_30=0.842
recall_50=0.842
F1_5=0.52297413
F1_10=0.6160648
F1_15=0.5588389
F1_20=0.45710027
F1_30=0.3350056
F1_50=0.21844134
Diversity_5=null
Diversity_10=null
Diversity_15=null
Diversity_20=null
Novelty_5=null
Novelty_10=null
Novelty_15=null
Novelty_20=null
Serendipity_5=null
Serendipity_10=null
Serendipity_15=null
Serendipity_20=null
