P_5=0.6042
P_10=0.3021
P_15=0.2014
P_20=0.1511
P_30=0.1007
P_50=0.0604
recall_5=0.4411
recall_10=0.4411
recall_15=0.4411
recall_20=0.4411
recall_30=0.4411
recall_50=0.4411
F1_5=0.5099256
F1_10=0.35860148
F1_15=0.2765371
F1_20=0.22509357
F1_30=0.1639674
F1_50=0.10625101
Diversity_5=null
Diversity_10=null
Diversity_15=null
Diversity_20=null
Novelty_5=null
Novelty_10=null
Novelty_15=null
Novelty_20=null
Serendipity_5=null
Serendipity_10=null
Serendipity_15=null
Serendipity_20=null
