P_5=0.7172
P_10=0.3586
P_15=0.2391
P_20=0.1793
recall_5=0.3282
recall_10=0.3282
recall_15=0.3282
recall_20=0.3282
F1_5=0.4503253
F1_10=0.3427272
F1_15=0.276653
F1_20=0.23190646
