P_5=0.66376007
P_10=0.33188003
P_15=0.22126
P_20=0.16594002
recall_5=0.45783997
recall_10=0.45783997
recall_15=0.45783997
recall_20=0.45783997
F1_5=0.54189706
F1_10=0.38481474
F1_15=0.29834098
F1_20=0.2435922
