P_5=0.5578
P_10=0.4181
P_15=0.2788
P_20=0.2091
P_30=0.1394
P_50=0.0836
recall_5=0.3987
recall_10=0.5646
recall_15=0.5646
recall_20=0.5646
recall_30=0.5646
recall_50=0.5646
F1_5=0.465018
F1_10=0.48042995
F1_15=0.373276
F1_20=0.30517733
F1_30=0.22359444
F1_50=0.1456358
Diversity_5=null
Diversity_10=null
Diversity_15=null
Diversity_20=null
Novelty_5=null
Novelty_10=null
Novelty_15=null
Novelty_20=null
Serendipity_5=null
Serendipity_10=null
Serendipity_15=null
Serendipity_20=null
