P_5=0.71379995
P_10=0.6405
P_15=0.427
P_20=0.3202
P_30=0.2135
P_50=0.12810001
recall_5=0.37370002
recall_10=0.57515
recall_15=0.57515
recall_20=0.57515
recall_30=0.57515
recall_50=0.57515
F1_5=0.49056932
F1_10=0.60606843
F1_15=0.4901243
F1_20=0.41137666
F1_30=0.31140435
F1_50=0.20953207
