P_5=0.68726665
P_10=0.60536665
P_15=0.5348334
P_20=0.48053333
P_30=0.32033333
P_50=0.19216667
recall_5=0.41563335
recall_10=0.6134667
recall_15=0.71783334
recall_20=0.7843
recall_30=0.7843
recall_50=0.7843
F1_5=0.5179997
F1_10=0.6093897
F1_15=0.6129663
F1_20=0.5959399
F1_30=0.45487937
F1_50=0.3086973
