P_5=0.68983334
P_10=0.3449
P_15=0.22993334
P_20=0.17246668
P_30=0.11496666
P_50=0.068966664
recall_5=0.4152
recall_10=0.4152
recall_15=0.4152
recall_20=0.4152
recall_30=0.4152
recall_50=0.4152
F1_5=0.5183894
F1_10=0.37679905
F1_15=0.29596463
F1_20=0.24370332
F1_30=0.18007228
F1_50=0.118285544
