P_5=0.718
P_10=0.6405
P_15=0.57210004
P_20=0.42905
P_30=0.28605002
P_50=0.1716
recall_5=0.37475002
recall_10=0.5737
recall_15=0.68435
recall_20=0.68435
recall_30=0.68435
recall_50=0.68435
F1_5=0.49246487
F1_10=0.60526246
F1_15=0.6232109
F1_20=0.5274302
F1_30=0.40345907
F1_50=0.2743956
