P_5=0.5851
P_10=0.2925
P_15=0.195
P_20=0.1463
P_30=0.0975
P_50=0.0585
recall_5=0.427
recall_10=0.427
recall_15=0.427
recall_20=0.427
recall_30=0.427
recall_50=0.427
F1_5=0.4937016
F1_10=0.3471786
F1_15=0.2677331
F1_20=0.21793163
F1_30=0.15875117
F1_50=0.10290216
Diversity_5=null
Diversity_10=null
Diversity_15=null
Diversity_20=null
Novelty_5=null
Novelty_10=null
Novelty_15=null
Novelty_20=null
Serendipity_5=null
Serendipity_10=null
Serendipity_15=null
Serendipity_20=null
