P_5=0.66556
P_10=0.33274
P_15=0.22184
P_20=0.16639999
recall_5=0.45846
recall_10=0.45846
recall_15=0.45846
recall_20=0.45846
F1_5=0.542931
F1_10=0.38561168
F1_15=0.29899973
F1_20=0.24417546
