P_5=0.7251
P_10=0.3625
P_15=0.2417
P_20=0.1813
P_30=0.1208
P_30=0.1208
P_50=0.0725
recall_5=0.33
recall_10=0.33
recall_15=0.33
recall_20=0.33
recall_30=0.33
recall_50=0.33
F1_5=0.4535741
F1_10=0.3454874
F1_15=0.27903098
F1_20=0.23402698
F1_30=0.17685893
F1_50=0.11888199
