P_5=0.6566
P_10=0.56354
P_15=0.48773998
P_20=0.36578
recall_5=0.4519
recall_10=0.64485997
recall_15=0.74016
recall_20=0.74016
F1_5=0.53534967
F1_10=0.6014637
F1_15=0.5880049
F1_20=0.4896029
