P_5=0.71605
P_10=0.35799998
P_15=0.23865
P_20=0.17899999
P_30=0.11935
P_50=0.0716
recall_5=0.3752
recall_10=0.3752
recall_15=0.3752
recall_20=0.3752
recall_30=0.3752
recall_50=0.3752
F1_5=0.49239305
F1_10=0.36639827
F1_15=0.29173732
F1_20=0.24237026
F1_30=0.18109441
F1_50=0.1202521
