P_5=0.5996
P_10=0.2998
P_15=0.1999
P_20=0.1499
P_30=0.0999
P_50=0.06
recall_5=0.4437
recall_10=0.4437
recall_15=0.4437
recall_20=0.4437
recall_30=0.4437
recall_50=0.4437
F1_5=0.51000196
F1_10=0.35782453
F1_15=0.27562347
F1_20=0.22409244
F1_30=0.1630818
F1_50=0.10570578
Diversity_5=null
Diversity_10=null
Diversity_15=null
Diversity_20=null
Novelty_5=null
Novelty_10=null
Novelty_15=null
Novelty_20=null
Serendipity_5=null
Serendipity_10=null
Serendipity_15=null
Serendipity_20=null
