P_5=0.598
P_10=0.299
P_15=0.1993
P_20=0.1495
P_30=0.0997
P_50=0.0598
recall_5=0.4429
recall_10=0.4429
recall_15=0.4429
recall_20=0.4429
recall_30=0.4429
recall_50=0.4429
F1_5=0.5088946
F1_10=0.35699448
F1_15=0.2748987
F1_20=0.22354338
F1_30=0.16276126
F1_50=0.10537267
Diversity_5=null
Diversity_10=null
Diversity_15=null
Diversity_20=null
Novelty_5=null
Novelty_10=null
Novelty_15=null
Novelty_20=null
Serendipity_5=null
Serendipity_10=null
Serendipity_15=null
Serendipity_20=null
