P_5=0.6841
P_10=0.6427
P_15=0.5816
P_20=0.5317
P_30=0.4536
P_50=0.3535
recall_5=0.3119
recall_10=0.5181
recall_15=0.6312
recall_20=0.7041
recall_30=0.793
recall_50=0.8863
F1_5=0.42845538
F1_10=0.57371277
F1_15=0.6053858
F1_20=0.6058747
F1_30=0.5770974
F1_50=0.5054155
