P_5=0.5904
P_10=0.5201
P_15=0.4176
P_20=0.3132
P_30=0.2088
P_50=0.1253
recall_5=0.4356
recall_10=0.7221
recall_15=0.8412
recall_20=0.8412
recall_30=0.8412
recall_50=0.8412
F1_5=0.5013221
F1_10=0.6046759
F1_15=0.558127
F1_20=0.45645154
F1_30=0.3345573
F1_50=0.21811147
Diversity_5=null
Diversity_10=null
Diversity_15=null
Diversity_20=null
Novelty_5=null
Novelty_10=null
Novelty_15=null
Novelty_20=null
Serendipity_5=null
Serendipity_10=null
Serendipity_15=null
Serendipity_20=null
