P_5=0.63464
P_10=0.55032
P_15=0.47854
P_20=0.35889998
recall_5=0.44337997
recall_10=0.63652
recall_15=0.7351999
recall_20=0.7351999
F1_5=0.52204347
F1_10=0.5902897
F1_15=0.5797331
F1_20=0.4823385
