P_5=0.6153
P_10=0.3076
P_15=0.2051
P_20=0.1538
P_30=0.1025
P_50=0.0615
recall_5=0.4533
recall_10=0.4533
recall_15=0.4533
recall_20=0.4533
recall_30=0.4533
recall_50=0.4533
F1_5=0.5220204
F1_10=0.3665004
F1_15=0.28241748
F1_20=0.229674
F1_30=0.16719413
F1_50=0.108305946
Diversity_5=null
Diversity_10=null
Diversity_15=null
Diversity_20=null
Novelty_5=null
Novelty_10=null
Novelty_15=null
Novelty_20=null
Serendipity_5=null
Serendipity_10=null
Serendipity_15=null
Serendipity_20=null
