P_5=0.5885
P_10=0.2942
P_15=0.1962
P_20=0.1471
P_30=0.0981
P_50=0.0588
recall_5=0.4312
recall_10=0.4312
recall_15=0.4312
recall_20=0.4312
recall_30=0.4312
recall_50=0.4312
F1_5=0.49771735
F1_10=0.349763
F1_15=0.26968902
F1_20=0.21936545
F1_30=0.15983647
F1_50=0.103488
Diversity_5=null
Diversity_10=null
Diversity_15=null
Diversity_20=null
Novelty_5=null
Novelty_10=null
Novelty_15=null
Novelty_20=null
Serendipity_5=null
Serendipity_10=null
Serendipity_15=null
Serendipity_20=null
