P_5=0.5912
P_10=0.2956
P_15=0.1971
P_20=0.1478
P_30=0.0985
P_50=0.0591
recall_5=0.4305
recall_10=0.4305
recall_15=0.4305
recall_20=0.4305
recall_30=0.4305
recall_50=0.4305
F1_5=0.49821198
F1_10=0.35051867
F1_15=0.27040008
F1_20=0.22005153
F1_30=0.16031852
F1_50=0.103931986
Diversity_5=null
Diversity_10=null
Diversity_15=null
Diversity_20=null
Novelty_5=null
Novelty_10=null
Novelty_15=null
Novelty_20=null
Serendipity_5=null
Serendipity_10=null
Serendipity_15=null
Serendipity_20=null
