P_5=0.5891
P_10=0.5207
P_15=0.3471
P_20=0.2603
P_30=0.1736
P_50=0.1041
recall_5=0.4342
recall_10=0.7238
recall_15=0.7238
recall_20=0.7238
recall_30=0.7238
recall_50=0.7238
F1_5=0.4999262
F1_10=0.60567725
F1_15=0.469196
F1_20=0.38289836
F1_30=0.28003496
F1_50=0.18202098
Diversity_5=null
Diversity_10=null
Diversity_15=null
Diversity_20=null
Novelty_5=null
Novelty_10=null
Novelty_15=null
Novelty_20=null
Serendipity_5=null
Serendipity_10=null
Serendipity_15=null
Serendipity_20=null
