P_5=0.65935004
P_10=0.32964998
P_15=0.2198
P_20=0.16479999
P_30=0.1099
P_50=0.0659
recall_5=0.3546
recall_10=0.3546
recall_15=0.3546
recall_20=0.3546
recall_30=0.3546
recall_50=0.3546
F1_5=0.4611776
F1_10=0.34167013
F1_15=0.2713826
F1_20=0.22502148
F1_30=0.16779566
F1_50=0.11114454
