P_5=0.6132
P_10=0.5196
P_15=0.4033
P_20=0.3025
P_30=0.2017
P_50=0.121
recall_5=0.4516
recall_10=0.7152
recall_15=0.8093
recall_20=0.8093
recall_30=0.8093
recall_50=0.8093
F1_5=0.5201373
F1_10=0.60190785
F1_15=0.538332
F1_20=0.44039086
F1_30=0.3229195
F1_50=0.21052413
Diversity_5=null
Diversity_10=null
Diversity_15=null
Diversity_20=null
Novelty_5=null
Novelty_10=null
Novelty_15=null
Novelty_20=null
Serendipity_5=null
Serendipity_10=null
Serendipity_15=null
Serendipity_20=null
