P_5=0.5578
P_10=0.4185
P_15=0.2948
P_20=0.2213
P_30=0.1475
P_50=0.0885
recall_5=0.3997
recall_10=0.5654
recall_15=0.5882
recall_20=0.5891
recall_30=0.5891
recall_50=0.5891
F1_5=0.46569744
F1_10=0.48098364
F1_15=0.39275503
F1_20=0.321737
F1_30=0.23592791
F1_50=0.15388238
Diversity_5=null
Diversity_10=null
Diversity_15=null
Diversity_20=null
Novelty_5=null
Novelty_10=null
Novelty_15=null
Novelty_20=null
Serendipity_5=null
Serendipity_10=null
Serendipity_15=null
Serendipity_20=null
