P_5=0.5563
P_10=0.2781
P_15=0.1854
P_20=0.1391
P_30=0.0927
P_50=0.0556
recall_5=0.3996
recall_10=0.3996
recall_15=0.3996
recall_20=0.3996
recall_30=0.3996
recall_50=0.3996
F1_5=0.46510616
F1_10=0.32795855
F1_15=0.25328493
F1_20=0.20636481
F1_30=0.15048921
F1_50=0.097617574
Diversity_5=null
Diversity_10=null
Diversity_15=null
Diversity_20=null
Novelty_5=null
Novelty_10=null
Novelty_15=null
Novelty_20=null
Serendipity_5=null
Serendipity_10=null
Serendipity_15=null
Serendipity_20=null
