P_5=0.71145
P_10=0.64035
P_15=0.57035005
P_20=0.513
P_30=0.4291
P_50=0.32525
recall_5=0.3737
recall_10=0.5742
recall_15=0.68495
recall_20=0.75255
recall_30=0.8347
recall_50=0.916
F1_5=0.49001306
F1_10=0.6054735
F1_15=0.62241894
F1_20=0.61010337
F1_30=0.566814
F1_50=0.4800467
