P_5=0.5585
P_10=0.2793
P_15=0.1862
P_20=0.1396
P_30=0.0931
P_50=0.0559
recall_5=0.4044
recall_10=0.4044
recall_15=0.4044
recall_20=0.4044
recall_30=0.4044
recall_50=0.4044
F1_5=0.4691191
F1_10=0.3304049
F1_15=0.25499246
F1_20=0.20755236
F1_30=0.15135533
F1_50=0.098222725
Diversity_5=null
Diversity_10=null
Diversity_15=null
Diversity_20=null
Novelty_5=null
Novelty_10=null
Novelty_15=null
Novelty_20=null
Serendipity_5=null
Serendipity_10=null
Serendipity_15=null
Serendipity_20=null
