P_5=0.14474
P_10=0.13246
P_15=0.088300005
P_20=0.06624
recall_5=0.06602
recall_10=0.10538
recall_15=0.10538
recall_20=0.10538
F1_5=0.090678826
F1_10=0.11737836
F1_15=0.09608689
F1_20=0.081346825
