P_5=0.14474
P_10=0.07238
P_15=0.04824
P_20=0.036179997
recall_5=0.06602
recall_10=0.06602
recall_15=0.06602
recall_20=0.06602
F1_5=0.090678826
F1_10=0.069053866
F1_15=0.055746622
F1_20=0.046743706
