P_5=0.66695
P_10=0.6077
P_15=0.54715
P_20=0.49310002
P_30=0.4141
P_50=0.3164
recall_5=0.35689998
recall_10=0.55904996
recall_15=0.6707
recall_20=0.73934996
recall_30=0.8222
recall_50=0.90655
F1_5=0.46497914
F1_10=0.5823607
F1_15=0.60265803
F1_20=0.59162396
F1_30=0.5507935
F1_50=0.46908283
