P_5=0.5868
P_10=0.2934
P_15=0.1956
P_20=0.1467
P_30=0.0978
P_50=0.0587
recall_5=0.4225
recall_10=0.4225
recall_15=0.4225
recall_20=0.4225
recall_30=0.4225
recall_50=0.4225
F1_5=0.49127713
F1_10=0.34630954
F1_15=0.26740333
F1_20=0.21778196
F1_30=0.15883337
F1_50=0.10307876
Diversity_5=null
Diversity_10=null
Diversity_15=null
Diversity_20=null
Novelty_5=null
Novelty_10=null
Novelty_15=null
Novelty_20=null
Serendipity_5=null
Serendipity_10=null
Serendipity_15=null
Serendipity_20=null
