P_5=0.5779
P_10=0.4633
P_15=0.3089
P_20=0.2317
P_30=0.1544
P_50=0.0927
recall_5=0.4136
recall_10=0.6293
recall_15=0.6293
recall_20=0.6293
recall_30=0.6293
recall_50=0.6293
F1_5=0.48213702
F1_10=0.53368974
F1_15=0.41439092
F1_20=0.33869645
F1_30=0.24796204
F1_50=0.16159587
Diversity_5=null
Diversity_10=null
Diversity_15=null
Diversity_20=null
Novelty_5=null
Novelty_10=null
Novelty_15=null
Novelty_20=null
Serendipity_5=null
Serendipity_10=null
Serendipity_15=null
Serendipity_20=null
