P_5=0.5687
P_10=0.2843
P_15=0.1896
P_20=0.1422
P_30=0.0948
P_50=0.0569
recall_5=0.4073
recall_10=0.4073
recall_15=0.4073
recall_20=0.4073
recall_30=0.4073
recall_50=0.4073
F1_5=0.47465473
F1_10=0.33486232
F1_15=0.2587505
F1_20=0.21080276
F1_30=0.1538022
F1_50=0.099850796
Diversity_5=null
Diversity_10=null
Diversity_15=null
Diversity_20=null
Novelty_5=null
Novelty_10=null
Novelty_15=null
Novelty_20=null
Serendipity_5=null
Serendipity_10=null
Serendipity_15=null
Serendipity_20=null
