P_5=0.5698
P_10=0.4657
P_15=0.3104
P_20=0.2328
P_30=0.1552
P_50=0.0931
recall_5=0.4118
recall_10=0.6324
recall_15=0.6324
recall_20=0.6324
recall_30=0.6324
recall_50=0.6324
F1_5=0.47808403
F1_10=0.5363968
F1_15=0.41641274
F1_20=0.34032065
F1_30=0.24923433
F1_50=0.16230582
Diversity_5=null
Diversity_10=null
Diversity_15=null
Diversity_20=null
Novelty_5=null
Novelty_10=null
Novelty_15=null
Novelty_20=null
Serendipity_5=null
Serendipity_10=null
Serendipity_15=null
Serendipity_20=null
