P_5=0.66676664
P_10=0.58909994
P_15=0.51949996
P_20=0.4653667
P_30=0.31023332
P_50=0.18613334
recall_5=0.4057
recall_10=0.60433334
recall_15=0.70826674
recall_20=0.77360004
recall_30=0.77360004
recall_50=0.77360004
F1_5=0.50445807
F1_10=0.5966194
F1_15=0.599372
F1_20=0.5811418
F1_30=0.4428661
F1_50=0.30006826
