P_5=0.5959
P_10=0.4993
P_15=0.3829
P_20=0.2872
P_30=0.1915
P_50=0.1149
recall_5=0.4313
recall_10=0.684
recall_15=0.7688
recall_20=0.7688
recall_30=0.7688
recall_50=0.7688
F1_5=0.50041217
F1_10=0.57723516
F1_15=0.5111983
F1_20=0.41818064
F1_30=0.30662334
F1_50=0.19992106
Diversity_5=null
Diversity_10=null
Diversity_15=null
Diversity_20=null
Novelty_5=null
Novelty_10=null
Novelty_15=null
Novelty_20=null
Serendipity_5=null
Serendipity_10=null
Serendipity_15=null
Serendipity_20=null
