P_5=0.7017
P_10=0.35085
P_15=0.23390001
P_20=0.1754
P_30=0.116950005
P_50=0.07015
recall_5=0.3678
recall_10=0.3678
recall_15=0.3678
recall_20=0.3678
recall_30=0.3678
recall_50=0.3678
F1_5=0.48262787
F1_10=0.3591251
F1_15=0.28595123
F1_20=0.23752621
F1_30=0.17746967
F1_50=0.11782701
