P_5=0.6081
P_10=0.3041
P_15=0.2027
P_20=0.152
P_30=0.1014
P_50=0.0608
recall_5=0.4518
recall_10=0.4518
recall_15=0.4518
recall_20=0.4518
recall_30=0.4518
recall_50=0.4518
F1_5=0.5184254
F1_10=0.36352
F1_15=0.2798468
F1_20=0.22747134
F1_30=0.16562733
F1_50=0.1071769
Diversity_5=null
Diversity_10=null
Diversity_15=null
Diversity_20=null
Novelty_5=null
Novelty_10=null
Novelty_15=null
Novelty_20=null
Serendipity_5=null
Serendipity_10=null
Serendipity_15=null
Serendipity_20=null
