P_5=0.6114
P_10=0.5185
P_15=0.3456
P_20=0.2592
P_30=0.1728
P_50=0.1037
recall_5=0.4468
recall_10=0.7143
recall_15=0.7143
recall_20=0.7143
recall_30=0.7143
recall_50=0.7143
F1_5=0.5162985
F1_10=0.60085094
F1_15=0.46582144
F1_20=0.380373
F1_30=0.2782799
F1_50=0.18110736
Diversity_5=null
Diversity_10=null
Diversity_15=null
Diversity_20=null
Novelty_5=null
Novelty_10=null
Novelty_15=null
Novelty_20=null
Serendipity_5=null
Serendipity_10=null
Serendipity_15=null
Serendipity_20=null
