P_5=0.5822
P_10=0.4975
P_15=0.3316
P_20=0.2487
P_30=0.1658
P_50=0.0995
recall_5=0.4234
recall_10=0.6847
recall_15=0.6847
recall_20=0.6847
recall_30=0.6847
recall_50=0.6847
F1_5=0.49026152
F1_10=0.57627857
F1_15=0.44681007
F1_20=0.3648701
F1_30=0.26695654
F1_50=0.17375071
Diversity_5=null
Diversity_10=null
Diversity_15=null
Diversity_20=null
Novelty_5=null
Novelty_10=null
Novelty_15=null
Novelty_20=null
Serendipity_5=null
Serendipity_10=null
Serendipity_15=null
Serendipity_20=null
