P_5=0.5883
P_10=0.2941
P_15=0.1961
P_20=0.1471
P_30=0.098
P_50=0.0588
recall_5=0.4232
recall_10=0.4232
recall_15=0.4232
recall_20=0.4232
recall_30=0.4232
recall_50=0.4232
F1_5=0.49227595
F1_10=0.34703225
F1_15=0.26801074
F1_20=0.2183157
F1_30=0.15914659
F1_50=0.103253774
Diversity_5=null
Diversity_10=null
Diversity_15=null
Diversity_20=null
Novelty_5=null
Novelty_10=null
Novelty_15=null
Novelty_20=null
Serendipity_5=null
Serendipity_10=null
Serendipity_15=null
Serendipity_20=null
