P_5=0.70455
P_10=0.3523
P_15=0.23485
P_20=0.1761
P_30=0.117400005
P_50=0.07045
recall_5=0.36815
recall_10=0.36815
recall_15=0.36815
recall_20=0.36815
recall_30=0.36815
recall_50=0.36815
F1_5=0.48360232
F1_10=0.36005065
F1_15=0.2867663
F1_20=0.23824055
F1_30=0.17802827
F1_50=0.118267976
