P_5=0.6111
P_10=0.3055
P_15=0.2037
P_20=0.1528
P_30=0.1018
P_50=0.0611
recall_5=0.454
recall_10=0.454
recall_15=0.454
recall_20=0.454
recall_30=0.454
recall_50=0.454
F1_5=0.5209641
F1_10=0.36523238
F1_15=0.28122184
F1_20=0.22864601
F1_30=0.16630873
F1_50=0.10770491
Diversity_5=null
Diversity_10=null
Diversity_15=null
Diversity_20=null
Novelty_5=null
Novelty_10=null
Novelty_15=null
Novelty_20=null
Serendipity_5=null
Serendipity_10=null
Serendipity_15=null
Serendipity_20=null
