P_5=0.6678333
P_10=0.33393335
P_15=0.22259998
P_20=0.16696666
P_30=0.1113
P_50=0.0668
recall_5=0.40723333
recall_10=0.40723333
recall_15=0.40723333
recall_20=0.40723333
recall_30=0.40723333
recall_50=0.40723333
F1_5=0.5059481
F1_10=0.3669587
F1_15=0.28785434
F1_20=0.23683172
F1_30=0.17482027
F1_50=0.1147733
