P_5=0.5847
P_10=0.4674
P_15=0.3423
P_20=0.2569
P_30=0.1712
P_50=0.1027
recall_5=0.4261
recall_10=0.6336
recall_15=0.6836
recall_20=0.6838
recall_30=0.6838
recall_50=0.6838
F1_5=0.49295735
F1_10=0.5379557
F1_15=0.45617756
F1_20=0.37348405
F1_30=0.2738399
F1_50=0.17857918
Diversity_5=null
Diversity_10=null
Diversity_15=null
Diversity_20=null
Novelty_5=null
Novelty_10=null
Novelty_15=null
Novelty_20=null
Serendipity_5=null
Serendipity_10=null
Serendipity_15=null
Serendipity_20=null
