P_5=0.68256664
P_10=0.60143334
P_15=0.4009333
P_20=0.30070004
P_30=0.20046668
P_50=0.120299995
recall_5=0.41403332
recall_10=0.6105333
recall_15=0.6105333
recall_20=0.6105333
recall_30=0.6105333
recall_50=0.6105333
F1_5=0.51542103
F1_10=0.60594916
F1_15=0.48401624
F1_20=0.40294266
F1_30=0.3018288
F1_50=0.20099564
