P_5=0.66676664
P_10=0.58909994
P_15=0.39273334
P_20=0.29453334
P_30=0.19636667
P_50=0.11783334
recall_5=0.4057
recall_10=0.60433334
recall_15=0.60433334
recall_20=0.60433334
recall_30=0.60433334
recall_50=0.60433334
F1_5=0.50445807
F1_10=0.5966194
F1_15=0.4760802
F1_20=0.3960461
F1_30=0.29641795
F1_50=0.1972138
