P_5=0.7251
P_10=0.6614
P_15=0.6048
P_20=0.5513
P_30=0.3675
P_30=0.3675
P_50=0.2205
recall_5=0.33
recall_10=0.5252
recall_15=0.6438
recall_20=0.7173
recall_30=0.7173
recall_50=0.7173
F1_5=0.4535741
F1_10=0.5854834
F1_15=0.6236909
F1_20=0.6234392
F1_30=0.48600248
F1_50=0.33731
