P_5=0.6198
P_10=0.5384
P_15=0.3589
P_20=0.2692
P_30=0.1795
P_50=0.1077
recall_5=0.4592
recall_10=0.7507
recall_15=0.7507
recall_20=0.7507
recall_30=0.7507
recall_50=0.7507
F1_5=0.527548
F1_10=0.62706834
F1_15=0.48562762
F1_20=0.3962907
F1_30=0.28972405
F1_50=0.18837462
Diversity_5=null
Diversity_10=null
Diversity_15=null
Diversity_20=null
Novelty_5=null
Novelty_10=null
Novelty_15=null
Novelty_20=null
Serendipity_5=null
Serendipity_10=null
Serendipity_15=null
Serendipity_20=null
