P_5=0.6163
P_10=0.5304
P_15=0.3536
P_20=0.2652
P_30=0.1768
P_50=0.1061
recall_5=0.4539
recall_10=0.7354
recall_15=0.7354
recall_20=0.7354
recall_30=0.7354
recall_50=0.7354
F1_5=0.52277815
F1_10=0.6162998
F1_15=0.47757107
F1_20=0.38982227
F1_30=0.28506625
F1_50=0.18544489
Diversity_5=null
Diversity_10=null
Diversity_15=null
Diversity_20=null
Novelty_5=null
Novelty_10=null
Novelty_15=null
Novelty_20=null
Serendipity_5=null
Serendipity_10=null
Serendipity_15=null
Serendipity_20=null
