P_5=0.63816
P_10=0.55281997
P_15=0.36854
P_20=0.27642
recall_5=0.44816
recall_10=0.64081997
recall_15=0.64081997
recall_20=0.64081997
F1_5=0.5265443
F1_10=0.5935761
F1_15=0.46795553
F1_20=0.3862358
