P_5=0.63244003
P_10=0.54844
P_15=0.36562002
P_20=0.2742
recall_5=0.44634
recall_10=0.6386
recall_15=0.6386
recall_20=0.6386
F1_5=0.52333796
F1_10=0.590096
F1_15=0.46500754
F1_20=0.3836637
