P_5=0.5407
P_10=0.2704
P_15=0.1802
P_20=0.1352
P_30=0.0901
P_50=0.0541
recall_5=0.3863
recall_10=0.3863
recall_15=0.3863
recall_20=0.3863
recall_30=0.3863
recall_50=0.3863
F1_5=0.45064166
F1_10=0.31812248
F1_15=0.24575907
F1_20=0.2002982
F1_30=0.14611936
F1_50=0.0949084
Diversity_5=null
Diversity_10=null
Diversity_15=null
Diversity_20=null
Novelty_5=null
Novelty_10=null
Novelty_15=null
Novelty_20=null
Serendipity_5=null
Serendipity_10=null
Serendipity_15=null
Serendipity_20=null
