P_5=0.6139
P_10=0.5187
P_15=0.4034
P_20=0.3025
P_30=0.2017
P_50=0.121
recall_5=0.4493
recall_10=0.7141
recall_15=0.8092
recall_20=0.8092
recall_30=0.8092
recall_50=0.8092
F1_5=0.5188587
F1_10=0.6009145
F1_15=0.5383989
F1_20=0.44037598
F1_30=0.32291153
F1_50=0.21052074
Diversity_5=null
Diversity_10=null
Diversity_15=null
Diversity_20=null
Novelty_5=null
Novelty_10=null
Novelty_15=null
Novelty_20=null
Serendipity_5=null
Serendipity_10=null
Serendipity_15=null
Serendipity_20=null
