P_5=0.602
P_10=0.5014
P_15=0.3831
P_20=0.2889
P_30=0.1926
P_50=0.1156
recall_5=0.4403
recall_10=0.6872
recall_15=0.769
recall_20=0.7723
recall_30=0.7723
recall_50=0.7723
F1_5=0.50860715
F1_10=0.579778
F1_15=0.5114207
F1_20=0.42050028
F1_30=0.3083117
F1_50=0.20109895
Diversity_5=null
Diversity_10=null
Diversity_15=null
Diversity_20=null
Novelty_5=null
Novelty_10=null
Novelty_15=null
Novelty_20=null
Serendipity_5=null
Serendipity_10=null
Serendipity_15=null
Serendipity_20=null
