P_5=0.6044
P_10=0.5014
P_15=0.3343
P_20=0.2507
P_30=0.1671
P_50=0.1003
recall_5=0.4398
recall_10=0.6889
recall_15=0.6889
recall_20=0.6889
recall_30=0.6889
recall_50=0.6889
F1_5=0.50912684
F1_10=0.58038217
F1_15=0.45015496
F1_20=0.36761862
F1_30=0.2689607
F1_50=0.1751056
Diversity_5=null
Diversity_10=null
Diversity_15=null
Diversity_20=null
Novelty_5=null
Novelty_10=null
Novelty_15=null
Novelty_20=null
Serendipity_5=null
Serendipity_10=null
Serendipity_15=null
Serendipity_20=null
