P_5=0.722
P_10=0.6625
P_15=0.5949
P_20=0.5451
recall_5=0.3269
recall_10=0.5272
recall_15=0.6368
recall_20=0.7123
F1_5=0.4500368
F1_10=0.5871565
F1_15=0.61513734
F1_20=0.6175834
