P_5=0.5871
P_10=0.2936
P_15=0.1957
P_20=0.1468
P_30=0.0979
P_50=0.0587
recall_5=0.4287
recall_10=0.4287
recall_15=0.4287
recall_20=0.4287
recall_30=0.4287
recall_50=0.4287
F1_5=0.4955499
F1_10=0.34851536
F1_15=0.26872706
F1_20=0.21870777
F1_30=0.1593989
F1_50=0.103260934
Diversity_5=null
Diversity_10=null
Diversity_15=null
Diversity_20=null
Novelty_5=null
Novelty_10=null
Novelty_15=null
Novelty_20=null
Serendipity_5=null
Serendipity_10=null
Serendipity_15=null
Serendipity_20=null
