P_5=0.7185
P_10=0.6542
P_15=0.5983
P_20=0.5471
P_30=0.3647
P_30=0.3647
P_50=0.2188
recall_5=0.329
recall_10=0.5251
recall_15=0.6411
recall_20=0.7143
recall_30=0.7143
recall_50=0.7143
F1_5=0.45133463
F1_10=0.5825836
F1_15=0.618961
F1_20=0.6196187
F1_30=0.48286414
F1_50=0.3349884
