P_5=0.71515
P_10=0.63875
P_15=0.42585
P_20=0.3194
P_30=0.21290001
P_50=0.12775
recall_5=0.3742
recall_10=0.57365
recall_15=0.57365
recall_20=0.57365
recall_30=0.57365
recall_50=0.57365
F1_5=0.4913189
F1_10=0.60445225
F1_15=0.4888221
F1_20=0.4103327
F1_30=0.31054628
F1_50=0.20896432
