P_5=0.5897
P_10=0.2948
P_15=0.1966
P_20=0.1474
P_30=0.0983
P_50=0.059
recall_5=0.4264
recall_10=0.4264
recall_15=0.4264
recall_20=0.4264
recall_30=0.4264
recall_50=0.4264
F1_5=0.49492782
F1_10=0.34859324
F1_15=0.26911795
F1_20=0.21907061
F1_30=0.15976796
F1_50=0.103657186
Diversity_5=null
Diversity_10=null
Diversity_15=null
Diversity_20=null
Novelty_5=null
Novelty_10=null
Novelty_15=null
Novelty_20=null
Serendipity_5=null
Serendipity_10=null
Serendipity_15=null
Serendipity_20=null
