P_5=0.62198
P_10=0.54
P_15=0.47193998
P_20=0.35396
recall_5=0.44127998
recall_10=0.63232005
recall_15=0.73117995
recall_20=0.73117995
F1_5=0.5162751
F1_10=0.5825249
F1_15=0.57363033
F1_20=0.47700474
