P_5=0.6004
P_10=0.5146
P_15=0.3431
P_20=0.2573
P_30=0.1715
P_50=0.1029
recall_5=0.4387
recall_10=0.7073
recall_15=0.7073
recall_20=0.7073
recall_30=0.7073
recall_50=0.7073
F1_5=0.5069685
F1_10=0.5957551
F1_15=0.46206138
F1_20=0.3773342
F1_30=0.2760627
F1_50=0.17966223
Diversity_5=null
Diversity_10=null
Diversity_15=null
Diversity_20=null
Novelty_5=null
Novelty_10=null
Novelty_15=null
Novelty_20=null
Serendipity_5=null
Serendipity_10=null
Serendipity_15=null
Serendipity_20=null
