P_5=0.5922
P_10=0.5126
P_15=0.4028
P_20=0.3021
P_30=0.2014
P_50=0.1209
recall_5=0.4333
recall_10=0.7068
recall_15=0.8085
recall_20=0.8085
recall_30=0.8085
recall_50=0.8085
F1_5=0.5004393
F1_10=0.594236
F1_15=0.5377096
F1_20=0.43984848
F1_30=0.32247135
F1_50=0.2103457
Diversity_5=null
Diversity_10=null
Diversity_15=null
Diversity_20=null
Novelty_5=null
Novelty_10=null
Novelty_15=null
Novelty_20=null
Serendipity_5=null
Serendipity_10=null
Serendipity_15=null
Serendipity_20=null
