P_5=0.5822
P_10=0.2911
P_15=0.1941
P_20=0.1456
P_30=0.097
P_50=0.0582
recall_5=0.4268
recall_10=0.4268
recall_15=0.4268
recall_20=0.4268
recall_30=0.4268
recall_50=0.4268
F1_5=0.4925331
F1_10=0.34612474
F1_15=0.26684454
F1_20=0.21712817
F1_30=0.15807408
F1_50=0.102432
Diversity_5=null
Diversity_10=null
Diversity_15=null
Diversity_20=null
Novelty_5=null
Novelty_10=null
Novelty_15=null
Novelty_20=null
Serendipity_5=null
Serendipity_10=null
Serendipity_15=null
Serendipity_20=null
