P_5=0.5942
P_10=0.5221
P_15=0.348
P_20=0.261
P_30=0.174
P_50=0.1044
recall_5=0.438
recall_10=0.7255
recall_15=0.7255
recall_20=0.7255
recall_30=0.7255
recall_50=0.7255
F1_5=0.50428134
F1_10=0.6072195
F1_15=0.47037542
F1_20=0.38389358
F1_30=0.28068256
F1_50=0.18253332
Diversity_5=null
Diversity_10=null
Diversity_15=null
Diversity_20=null
Novelty_5=null
Novelty_10=null
Novelty_15=null
Novelty_20=null
Serendipity_5=null
Serendipity_10=null
Serendipity_15=null
Serendipity_20=null
