P_5=0.71145
P_10=0.64035
P_15=0.42685
P_20=0.32015002
P_30=0.21345
P_50=0.12805
recall_5=0.3737
recall_10=0.5742
recall_15=0.5742
recall_20=0.5742
recall_30=0.5742
recall_50=0.5742
F1_5=0.49001306
F1_10=0.6054735
F1_15=0.48968035
F1_20=0.41109213
F1_30=0.3112118
F1_50=0.20940208
