P_5=0.6649
P_10=0.3325
P_15=0.2216
P_20=0.1662
P_30=0.1108
P_30=0.1108
P_50=0.0665
recall_5=0.3072
recall_10=0.3072
recall_15=0.3072
recall_20=0.3072
recall_30=0.3072
recall_50=0.3072
F1_5=0.42023927
F1_10=0.3193497
F1_15=0.2574717
F1_20=0.21570191
F1_30=0.1628601
F1_50=0.10933262
