P_5=0.62198
P_10=0.31100002
P_15=0.20732
P_20=0.15550001
recall_5=0.44127998
recall_10=0.44127998
recall_15=0.44127998
recall_20=0.44127998
F1_5=0.5162751
F1_10=0.36485904
F1_15=0.2821035
F1_20=0.22996429
