P_5=0.6878667
P_10=0.34393334
P_15=0.22929998
P_20=0.17196667
P_30=0.11463333
P_50=0.068799995
recall_5=0.41563332
recall_10=0.41563332
recall_15=0.41563332
recall_20=0.41563332
recall_30=0.41563332
recall_50=0.41563332
F1_5=0.51817006
F1_10=0.37639925
F1_15=0.29554906
F1_20=0.24327803
F1_30=0.17970367
F1_50=0.11805782
