P_5=0.66182005
P_10=0.56634
P_15=0.49158
P_20=0.36870003
recall_5=0.45564002
recall_10=0.64724
recall_15=0.74380004
recall_20=0.74380004
F1_5=0.53970915
F1_10=0.6040935
F1_15=0.5919429
F1_20=0.49301407
