P_5=0.7255
P_10=0.6584
P_15=0.6001
P_20=0.4501
recall_5=0.3312
recall_10=0.5244
recall_15=0.6411
recall_20=0.6411
F1_5=0.4547849
F1_10=0.58380955
F1_15=0.6199228
F1_20=0.528884
