P_5=0.6678333
P_10=0.5892666
P_15=0.52036667
P_20=0.3903
P_30=0.26023334
P_50=0.1561
recall_5=0.40723333
recall_10=0.60476667
recall_15=0.70886666
recall_20=0.70886666
recall_30=0.70886666
recall_50=0.70886666
F1_5=0.5059481
F1_10=0.5969161
F1_15=0.6001637
F1_20=0.503419
F1_30=0.38070527
F1_50=0.25585747
