P_5=0.6121
P_10=0.5191
P_15=0.4035
P_20=0.3048
P_30=0.2032
P_50=0.1219
recall_5=0.4494
recall_10=0.7145
recall_15=0.8096
recall_20=0.8141
recall_30=0.8141
recall_50=0.8141
F1_5=0.51828116
F1_10=0.6013245
F1_15=0.53857654
F1_20=0.44353864
F1_30=0.32522386
F1_50=0.21204868
Diversity_5=null
Diversity_10=null
Diversity_15=null
Diversity_20=null
Novelty_5=null
Novelty_10=null
Novelty_15=null
Novelty_20=null
Serendipity_5=null
Serendipity_10=null
Serendipity_15=null
Serendipity_20=null
