P_5=0.5927
P_10=0.2964
P_15=0.1976
P_20=0.1482
P_30=0.0988
P_50=0.0593
recall_5=0.4305
recall_10=0.4305
recall_15=0.4305
recall_20=0.4305
recall_30=0.4305
recall_50=0.4305
F1_5=0.49874383
F1_10=0.3510805
F1_15=0.27087024
F1_20=0.22049457
F1_30=0.16071567
F1_50=0.10424112
Diversity_5=null
Diversity_10=null
Diversity_15=null
Diversity_20=null
Novelty_5=null
Novelty_10=null
Novelty_15=null
Novelty_20=null
Serendipity_5=null
Serendipity_10=null
Serendipity_15=null
Serendipity_20=null
