P_5=0.5726
P_10=0.4648
P_15=0.3098
P_20=0.2324
P_30=0.1549
P_50=0.093
recall_5=0.4131
recall_10=0.6317
recall_15=0.6317
recall_20=0.6317
recall_30=0.6317
recall_50=0.6317
F1_5=0.47994533
F1_10=0.535548
F1_15=0.41572103
F1_20=0.33979186
F1_30=0.24879311
F1_50=0.16213082
Diversity_5=null
Diversity_10=null
Diversity_15=null
Diversity_20=null
Novelty_5=null
Novelty_10=null
Novelty_15=null
Novelty_20=null
Serendipity_5=null
Serendipity_10=null
Serendipity_15=null
Serendipity_20=null
