P_5=0.5982
P_10=0.2991
P_15=0.1994
P_20=0.1496
P_30=0.0997
P_50=0.0598
recall_5=0.4408
recall_10=0.4408
recall_15=0.4408
recall_20=0.4408
recall_30=0.4408
recall_50=0.4408
F1_5=0.5075776
F1_10=0.35638136
F1_15=0.2745877
F1_20=0.22338647
F1_30=0.16261892
F1_50=0.10531299
Diversity_5=null
Diversity_10=null
Diversity_15=null
Diversity_20=null
Novelty_5=null
Novelty_10=null
Novelty_15=null
Novelty_20=null
Serendipity_5=null
Serendipity_10=null
Serendipity_15=null
Serendipity_20=null
