P_5=0.66182005
P_10=0.3309
P_15=0.22060001
P_20=0.16546
recall_5=0.45564002
recall_10=0.45564002
recall_15=0.45564002
recall_20=0.45564002
F1_5=0.53970915
F1_10=0.38337857
F1_15=0.2972737
F1_20=0.24276347
