P_5=0.6051
P_10=0.5009
P_15=0.3831
P_20=0.2873
P_30=0.1915
P_50=0.1149
recall_5=0.4433
recall_10=0.6867
recall_15=0.7689
recall_20=0.7689
recall_30=0.7689
recall_50=0.7689
F1_5=0.5117147
F1_10=0.5792658
F1_15=0.5113986
F1_20=0.41830137
F1_30=0.30663127
F1_50=0.19992444
Diversity_5=null
Diversity_10=null
Diversity_15=null
Diversity_20=null
Novelty_5=null
Novelty_10=null
Novelty_15=null
Novelty_20=null
Serendipity_5=null
Serendipity_10=null
Serendipity_15=null
Serendipity_20=null
