P_5=0.5985
P_10=0.2992
P_15=0.1995
P_20=0.1496
P_30=0.0997
P_50=0.0598
recall_5=0.4421
recall_10=0.4421
recall_15=0.4421
recall_20=0.4421
recall_30=0.4421
recall_50=0.4421
F1_5=0.50854665
F1_10=0.3568766
F1_15=0.27493435
F1_20=0.22355302
F1_30=0.16270716
F1_50=0.105349995
Diversity_5=null
Diversity_10=null
Diversity_15=null
Diversity_20=null
Novelty_5=null
Novelty_10=null
Novelty_15=null
Novelty_20=null
Serendipity_5=null
Serendipity_10=null
Serendipity_15=null
Serendipity_20=null
