
Result Top 5 
P_5=0.66376007
P_10=0.33188003
P_15=0.22126
P_20=0.16594002
recall_5=0.45783997
recall_10=0.45783997
recall_15=0.45783997
recall_20=0.45783997
F1_5=0.54189706
F1_10=0.38481474
F1_15=0.29834098
F1_20=0.2435922

Result Top 10 
P_5=0.66380006
P_10=0.5698401
P_15=0.3799
P_20=0.28491998
recall_5=0.45786
recall_10=0.64966
recall_15=0.64966
recall_20=0.64966
F1_5=0.5419244
F1_10=0.6071378
F1_15=0.47943944
F1_20=0.39611614

Result Top 15 
P_5=0.66380006
P_10=0.5698401
P_15=0.49642
P_20=0.37232
recall_5=0.45786
recall_10=0.64966
recall_15=0.74772
recall_20=0.74772
F1_5=0.5419244
F1_10=0.6071378
F1_15=0.5966903
F1_20=0.49710926

Result Top 20 
P_5=0.66380006
P_10=0.5698401
P_15=0.49642
P_20=0.43854004
recall_5=0.45786
recall_10=0.64966
recall_15=0.74772
recall_20=0.8059
F1_5=0.5419244
F1_10=0.6071378
F1_15=0.5966903
F1_20=0.5679975
