
Result Top 5 
P_5=0.66182005
P_10=0.3309
P_15=0.22060001
P_20=0.16546
recall_5=0.45564002
recall_10=0.45564002
recall_15=0.45564002
recall_20=0.45564002
F1_5=0.53970915
F1_10=0.38337857
F1_15=0.2972737
F1_20=0.24276347

Result Top 10 
P_5=0.66182005
P_10=0.56634
P_15=0.37756
P_20=0.28316003
recall_5=0.45564002
recall_10=0.64724
recall_15=0.64724
recall_20=0.64724
F1_5=0.53970915
F1_10=0.6040935
F1_15=0.47691634
F1_20=0.39396495

Result Top 15 
P_5=0.66182005
P_10=0.56634
P_15=0.49158
P_20=0.36870003
recall_5=0.45564002
recall_10=0.64724
recall_15=0.74380004
recall_20=0.74380004
F1_5=0.53970915
F1_10=0.6040935
F1_15=0.5919429
F1_20=0.49301407

Result Top 20 
P_5=0.66182005
P_10=0.56634
P_15=0.49158
P_20=0.43486
recall_5=0.45564002
recall_10=0.64724
recall_15=0.74380004
recall_20=0.80224
F1_5=0.53970915
F1_10=0.6040935
F1_15=0.5919429
F1_20=0.56399983
