
Result Top 5 
P_5=0.63464
P_10=0.31732002
P_15=0.21153998
P_20=0.15868
recall_5=0.44337997
recall_10=0.44337997
recall_15=0.44337997
recall_20=0.44337997
F1_5=0.52204347
F1_10=0.36990494
F1_15=0.2864246
F1_20=0.23371604

Result Top 10 
P_5=0.63464
P_10=0.55032
P_15=0.36690003
P_20=0.27516
recall_5=0.44337997
recall_10=0.63652
recall_15=0.63652
recall_20=0.63652
F1_5=0.52204347
F1_10=0.5902897
F1_15=0.4654864
F1_20=0.3842244

Result Top 15 
P_5=0.63464
P_10=0.55032
P_15=0.47854
P_20=0.35889998
recall_5=0.44337997
recall_10=0.63652
recall_15=0.7351999
recall_20=0.7351999
F1_5=0.52204347
F1_10=0.5902897
F1_15=0.5797331
F1_20=0.4823385

Result Top 20 
P_5=0.63464
P_10=0.55032
P_15=0.47854
P_20=0.42378002
recall_5=0.44337997
recall_10=0.63652
recall_15=0.7351999
recall_20=0.79398
F1_5=0.52204347
F1_10=0.5902897
F1_15=0.5797331
F1_20=0.55260944
