
Result Top 5 
P_5=0.14474
P_10=0.07238
P_15=0.04824
P_20=0.036179997
recall_5=0.06602
recall_10=0.06602
recall_15=0.06602
recall_20=0.06602
F1_5=0.090678826
F1_10=0.069053866
F1_15=0.055746622
F1_20=0.046743706

Result Top 10 
P_5=0.14474
P_10=0.13246
P_15=0.088300005
P_20=0.06624
recall_5=0.06602
recall_10=0.10538
recall_15=0.10538
recall_20=0.10538
F1_5=0.090678826
F1_10=0.11737836
F1_15=0.09608689
F1_20=0.081346825

Result Top 15 
P_5=0.14474
P_10=0.13246
P_15=0.120500006
P_20=0.09038
recall_5=0.06602
recall_10=0.10538
recall_15=0.12838
recall_20=0.12838
F1_5=0.090678826
F1_10=0.11737836
F1_15=0.124315254
F1_20=0.10607958

Result Top 20 
P_5=0.14474
P_10=0.13246
P_15=0.120500006
P_20=0.10992
recall_5=0.06602
recall_10=0.10538
recall_15=0.12838
recall_20=0.14312
F1_5=0.090678826
F1_10=0.11737836
F1_15=0.124315254
F1_20=0.12434201
