P_5=0.63464
P_10=0.55032
P_15=0.36690003
P_20=0.27516
recall_5=0.44337997
recall_10=0.63652
recall_15=0.63652
recall_20=0.63652
F1_5=0.52204347
F1_10=0.5902897
F1_15=0.4654864
F1_20=0.3842244
