P_5=0.66398
P_10=0.56804
P_15=0.3787
P_20=0.28399998
recall_5=0.45741996
recall_10=0.64822
recall_15=0.64822
recall_20=0.64822
F1_5=0.5416759
F1_10=0.60548717
F1_15=0.4780916
F1_20=0.3949593
