P_5=0.6294
P_10=0.54826003
P_15=0.48115999
P_20=0.42808
recall_5=0.44400007
recall_10=0.63868
recall_15=0.73814
recall_20=0.79858005
F1_5=0.5206887
F1_10=0.590026
F1_15=0.58256936
F1_20=0.55737716
