P_5=0.6064
P_10=0.3032
P_15=0.2021
P_20=0.1516
P_30=0.1011
P_50=0.0606
recall_5=0.4445
recall_10=0.4445
recall_15=0.4445
recall_20=0.4445
recall_30=0.4445
recall_50=0.4445
F1_5=0.512979
F1_10=0.3604986
F1_15=0.27786404
F1_20=0.22609027
F1_30=0.16473222
F1_50=0.106658876
Diversity_5=null
Diversity_10=null
Diversity_15=null
Diversity_20=null
Novelty_5=null
Novelty_10=null
Novelty_15=null
Novelty_20=null
Serendipity_5=null
Serendipity_10=null
Serendipity_15=null
Serendipity_20=null
