P_5=0.5868
P_10=0.4669
P_15=0.3113
P_20=0.2335
P_30=0.1556
P_50=0.0934
recall_5=0.4275
recall_10=0.6331
recall_15=0.6331
recall_20=0.6331
recall_30=0.6331
recall_50=0.6331
F1_5=0.49464065
F1_10=0.53744435
F1_15=0.41737407
F1_20=0.34116974
F1_30=0.24980438
F1_50=0.1627847
Diversity_5=null
Diversity_10=null
Diversity_15=null
Diversity_20=null
Novelty_5=null
Novelty_10=null
Novelty_15=null
Novelty_20=null
Serendipity_5=null
Serendipity_10=null
Serendipity_15=null
Serendipity_20=null
