P_5=0.5526
P_10=0.4189
P_15=0.2793
P_20=0.2094
P_30=0.1396
P_50=0.0838
recall_5=0.3919
recall_10=0.5661
recall_15=0.5661
recall_20=0.5661
recall_30=0.5661
recall_50=0.5661
F1_5=0.45857903
F1_10=0.4815011
F1_15=0.3740519
F1_20=0.3057159
F1_30=0.22396928
F1_50=0.14598916
Diversity_5=null
Diversity_10=null
Diversity_15=null
Diversity_20=null
Novelty_5=null
Novelty_10=null
Novelty_15=null
Novelty_20=null
Serendipity_5=null
Serendipity_10=null
Serendipity_15=null
Serendipity_20=null
