P_5=0.7017
P_10=0.6246
P_15=0.41640002
P_20=0.3123
P_30=0.20820001
P_50=0.1249
recall_5=0.3678
recall_10=0.56725
recall_15=0.56725
recall_20=0.56725
recall_30=0.56725
recall_50=0.56725
F1_5=0.48262787
F1_10=0.59454525
F1_15=0.48025802
F1_20=0.40282458
F1_30=0.30460107
F1_50=0.20472303
