P_5=0.6036
P_10=0.5023
P_15=0.3832
P_20=0.2874
P_30=0.1916
P_50=0.115
recall_5=0.4388
recall_10=0.6882
recall_15=0.7691
recall_20=0.7691
recall_30=0.7691
recall_50=0.7691
F1_5=0.50817287
F1_10=0.5807356
F1_15=0.51153195
F1_20=0.41843703
F1_30=0.3067754
F1_50=0.20008257
Diversity_5=null
Diversity_10=null
Diversity_15=null
Diversity_20=null
Novelty_5=null
Novelty_10=null
Novelty_15=null
Novelty_20=null
Serendipity_5=null
Serendipity_10=null
Serendipity_15=null
Serendipity_20=null
