P_5=0.6792
P_10=0.60006666
P_15=0.40006664
P_20=0.30003333
P_30=0.20003332
P_50=0.12003333
recall_5=0.4131
recall_10=0.60966665
recall_15=0.60966665
recall_20=0.60966665
recall_30=0.60966665
recall_50=0.60966665
F1_5=0.51373714
F1_10=0.6048286
F1_15=0.48311228
F1_20=0.40215528
F1_30=0.30123168
F1_50=0.20057645
