P_5=0.6836
P_10=0.60426664
P_15=0.5319333
P_20=0.4756
P_30=0.39246666
P_50=0.23546666
recall_5=0.41303334
recall_10=0.61183333
recall_15=0.71583337
recall_20=0.7805333
recall_30=0.8558
recall_50=0.8558
F1_5=0.5149389
F1_10=0.60802644
F1_15=0.6103314
F1_20=0.59105456
F1_30=0.5381429
F1_50=0.3693183
