P_5=0.71515
P_10=0.3576
P_15=0.2384
P_20=0.1788
P_30=0.1192
P_50=0.0715
recall_5=0.3742
recall_10=0.3742
recall_15=0.3742
recall_20=0.3742
recall_30=0.3742
recall_50=0.3742
F1_5=0.4913189
F1_10=0.36571175
F1_15=0.29124805
F1_20=0.24197817
F1_30=0.18080518
F1_50=0.120059684
