P_5=0.6608333
P_10=0.3304
P_15=0.22026666
P_20=0.16523333
P_30=0.11013333
P_50=0.0661
recall_5=0.40343332
recall_10=0.40343332
recall_15=0.40343332
recall_20=0.40343332
recall_30=0.40343332
recall_50=0.40343332
F1_5=0.50100636
F1_10=0.36328238
F1_15=0.28495404
F1_20=0.23444536
F1_30=0.17303091
F1_50=0.11358914
