P_5=0.6188
P_10=0.5297
P_15=0.4182
P_20=0.3137
P_30=0.2091
P_50=0.1255
recall_5=0.4575
recall_10=0.7354
recall_15=0.8421
recall_20=0.8421
recall_30=0.8421
recall_50=0.8421
F1_5=0.5260633
F1_10=0.615827
F1_15=0.5588609
F1_20=0.45711502
F1_30=0.3350135
F1_50=0.2184447
Diversity_5=null
Diversity_10=null
Diversity_15=null
Diversity_20=null
Novelty_5=null
Novelty_10=null
Novelty_15=null
Novelty_20=null
Serendipity_5=null
Serendipity_10=null
Serendipity_15=null
Serendipity_20=null
