P_5=0.66152006
P_10=0.56762
P_15=0.37840003
P_20=0.28382
recall_5=0.45653996
recall_10=0.64788
recall_15=0.64788
recall_20=0.64788
F1_5=0.54024
F1_10=0.60510015
F1_15=0.47776008
F1_20=0.39472216
