P_5=0.7185
P_10=0.6542
P_15=0.4362
P_20=0.3271
P_30=0.2181
P_30=0.2181
P_50=0.1308
recall_5=0.329
recall_10=0.5251
recall_15=0.5251
recall_20=0.5251
recall_30=0.5251
recall_50=0.5251
F1_5=0.45133463
F1_10=0.5825836
F1_15=0.47653928
F1_20=0.40309834
F1_30=0.30819243
F1_50=0.20943154
