P_5=0.5467
P_10=0.4144
P_15=0.2763
P_20=0.2072
P_30=0.1381
P_50=0.0829
recall_5=0.3895
recall_10=0.5603
recall_15=0.5603
recall_20=0.5603
recall_30=0.5603
recall_50=0.5603
F1_5=0.45490205
F1_10=0.47643036
F1_15=0.37009537
F1_20=0.30252552
F1_30=0.22158484
F1_50=0.14443058
Diversity_5=null
Diversity_10=null
Diversity_15=null
Diversity_20=null
Novelty_5=null
Novelty_10=null
Novelty_15=null
Novelty_20=null
Serendipity_5=null
Serendipity_10=null
Serendipity_15=null
Serendipity_20=null
