P_5=0.5868
P_10=0.5124
P_15=0.3416
P_20=0.2562
P_30=0.1708
P_50=0.1025
recall_5=0.4282
recall_10=0.7061
recall_15=0.7061
recall_20=0.7061
recall_30=0.7061
recall_50=0.7061
F1_5=0.4951089
F1_10=0.5938542
F1_15=0.46044436
F1_20=0.37598008
F1_30=0.27506417
F1_50=0.17901371
Diversity_5=null
Diversity_10=null
Diversity_15=null
Diversity_20=null
Novelty_5=null
Novelty_10=null
Novelty_15=null
Novelty_20=null
Serendipity_5=null
Serendipity_10=null
Serendipity_15=null
Serendipity_20=null
