P_5=0.5972
P_10=0.2986
P_15=0.1991
P_20=0.1493
P_30=0.0995
P_50=0.0597
recall_5=0.4402
recall_10=0.4402
recall_15=0.4402
recall_20=0.4402
recall_30=0.4402
recall_50=0.4402
F1_5=0.5068198
F1_10=0.35583028
F1_15=0.27418685
F1_20=0.22297491
F1_30=0.16231202
F1_50=0.10514079
Diversity_5=null
Diversity_10=null
Diversity_15=null
Diversity_20=null
Novelty_5=null
Novelty_10=null
Novelty_15=null
Novelty_20=null
Serendipity_5=null
Serendipity_10=null
Serendipity_15=null
Serendipity_20=null
