P_5=0.66482
P_10=0.33244
P_15=0.22160001
P_20=0.16622
recall_5=0.45707998
recall_10=0.45707998
recall_15=0.45707998
recall_20=0.45707998
F1_5=0.54171664
F1_10=0.38492164
F1_15=0.29848802
F1_20=0.24378577
