P_5=0.68943334
P_10=0.6061
P_15=0.53576666
P_20=0.4805667
P_30=0.39706668
P_50=0.23826666
recall_5=0.41636667
recall_10=0.6134
recall_15=0.7179666
recall_20=0.7844667
recall_30=0.85980004
recall_50=0.85980004
F1_5=0.5191844
F1_10=0.6097281
F1_15=0.61362743
F1_20=0.5960136
F1_30=0.5432524
F1_50=0.3731316
