P_5=0.6169
P_10=0.5295
P_15=0.4182
P_20=0.3136
P_30=0.2091
P_50=0.1254
recall_5=0.4539
recall_10=0.7342
recall_15=0.8419
recall_20=0.8419
recall_30=0.8419
recall_50=0.8419
F1_5=0.52299386
F1_10=0.61527085
F1_15=0.55881685
F1_20=0.45697942
F1_30=0.33499768
F1_50=0.2182865
Diversity_5=null
Diversity_10=null
Diversity_15=null
Diversity_20=null
Novelty_5=null
Novelty_10=null
Novelty_15=null
Novelty_20=null
Serendipity_5=null
Serendipity_10=null
Serendipity_15=null
Serendipity_20=null
