P_5=0.5886
P_10=0.4653
P_15=0.3423
P_20=0.2568
P_30=0.1712
P_50=0.1027
recall_5=0.4251
recall_10=0.6306
recall_15=0.6836
recall_20=0.6836
recall_30=0.6836
recall_50=0.6836
F1_5=0.4936645
F1_10=0.5354835
F1_15=0.45617756
F1_20=0.37334853
F1_30=0.2738239
F1_50=0.17857237
Diversity_5=null
Diversity_10=null
Diversity_15=null
Diversity_20=null
Novelty_5=null
Novelty_10=null
Novelty_15=null
Novelty_20=null
Serendipity_5=null
Serendipity_10=null
Serendipity_15=null
Serendipity_20=null
