P_5=0.6196
P_10=0.3098
P_15=0.2065
P_20=0.1549
P_30=0.1033
P_50=0.062
recall_5=0.4583
recall_10=0.4583
recall_15=0.4583
recall_20=0.4583
recall_30=0.4583
recall_50=0.4583
F1_5=0.52688134
F1_10=0.36969492
F1_15=0.28471404
F1_20=0.23154163
F1_30=0.16859826
F1_50=0.10922392
Diversity_5=null
Diversity_10=null
Diversity_15=null
Diversity_20=null
Novelty_5=null
Novelty_10=null
Novelty_15=null
Novelty_20=null
Serendipity_5=null
Serendipity_10=null
Serendipity_15=null
Serendipity_20=null
