P_5=0.64576
P_10=0.55771995
P_15=0.37182
P_20=0.27888
recall_5=0.45121998
recall_10=0.64318
recall_15=0.64318
recall_20=0.64318
F1_5=0.53124
F1_10=0.5974091
F1_15=0.471226
F1_20=0.38906372
