
Result Top 50 
P_5=0.7184
P_10=0.63785
P_15=0.57175004
P_20=0.51559997
P_30=0.43124998
P_50=0.3262
recall_5=0.3743
recall_10=0.5733
recall_15=0.68505
recall_20=0.75405
recall_30=0.83625
recall_50=0.91695
F1_5=0.49217007
F1_10=0.6038549
F1_15=0.62329304
F1_20=0.6124336
F1_30=0.5690459
F1_50=0.4812116
