
Result Top 50 
P_5=0.71575
P_10=0.63875
P_15=0.5726
P_20=0.5169
P_30=0.4334
P_50=0.32779998
recall_5=0.37475
recall_10=0.57425
recall_15=0.68505
recall_20=0.75545
recall_30=0.838
recall_50=0.9188
F1_5=0.49193454
F1_10=0.6047851
F1_15=0.6237978
F1_20=0.6138124
F1_30=0.57132167
F1_50=0.48320657
