
Result Top 50 
P_5=0.7017
P_10=0.6246
P_15=0.5582
P_20=0.5025
P_30=0.42175
P_50=0.3199
recall_5=0.3678
recall_10=0.56725
recall_15=0.6779
recall_20=0.74530005
recall_30=0.8289
recall_50=0.91085005
F1_5=0.48262787
F1_10=0.59454525
F1_15=0.6122543
F1_20=0.60027766
F1_30=0.55905104
F1_50=0.47350138
