P_5=0.6882334
P_10=0.34413335
P_15=0.2294
P_20=0.17203332
P_30=0.11473334
P_50=0.0688
recall_5=0.41353333
recall_10=0.41353333
recall_15=0.41353333
recall_20=0.41353333
recall_30=0.41353333
recall_50=0.41353333
F1_5=0.5166383
F1_10=0.3756549
F1_15=0.29509917
F1_20=0.24298349
F1_30=0.1796292
F1_50=0.11797275
