P_5=0.5915
P_10=0.4669
P_15=0.3113
P_20=0.2335
P_30=0.1556
P_50=0.0934
recall_5=0.4273
recall_10=0.6324
recall_15=0.6324
recall_20=0.6324
recall_30=0.6324
recall_50=0.6324
F1_5=0.49616793
F1_10=0.537192
F1_15=0.41722184
F1_20=0.34106803
F1_30=0.24974984
F1_50=0.16276152
Diversity_5=null
Diversity_10=null
Diversity_15=null
Diversity_20=null
Novelty_5=null
Novelty_10=null
Novelty_15=null
Novelty_20=null
Serendipity_5=null
Serendipity_10=null
Serendipity_15=null
Serendipity_20=null
