P_5=0.7172
P_10=0.6636
P_15=0.4424
P_20=0.3318
recall_5=0.3282
recall_10=0.5279
recall_15=0.5279
recall_20=0.5279
F1_5=0.4503253
F1_10=0.5880226
F1_15=0.481383
F1_20=0.40748453
