P_5=0.6608333
P_10=0.5861667
P_15=0.5181
P_20=0.4639667
P_30=0.3841
P_50=0.2305
recall_5=0.40343332
recall_10=0.6003334
recall_15=0.70689994
recall_20=0.7716667
recall_30=0.8483333
recall_50=0.8483333
F1_5=0.50100636
F1_10=0.59316546
F1_15=0.5979509
F1_20=0.57950467
F1_30=0.5287829
F1_50=0.36250424
