P_5=0.5769
P_10=0.2884
P_15=0.1923
P_20=0.1442
P_30=0.0961
P_50=0.0577
recall_5=0.4117
recall_10=0.4117
recall_15=0.4117
recall_20=0.4117
recall_30=0.4117
recall_50=0.4117
F1_5=0.48049715
F1_10=0.33919233
F1_15=0.26215202
F1_20=0.21358928
F1_30=0.1558266
F1_50=0.1012147
Diversity_5=null
Diversity_10=null
Diversity_15=null
Diversity_20=null
Novelty_5=null
Novelty_10=null
Novelty_15=null
Novelty_20=null
Serendipity_5=null
Serendipity_10=null
Serendipity_15=null
Serendipity_20=null
