P_5=0.63808
P_10=0.31904
P_15=0.21269998
P_20=0.15954
recall_5=0.44804
recall_10=0.44804
recall_15=0.44804
recall_20=0.44804
F1_5=0.5264342
F1_10=0.37269303
F1_15=0.2884587
F1_20=0.23529512
