P_5=0.5997
P_10=0.53
P_15=0.3533
P_20=0.265
P_30=0.1767
P_50=0.106
recall_5=0.4436
recall_10=0.7404
recall_15=0.7404
recall_20=0.7404
recall_30=0.7404
recall_50=0.7404
F1_5=0.5099721
F1_10=0.617777
F1_15=0.47834563
F1_20=0.39030436
F1_30=0.28530952
F1_50=0.18544991
Diversity_5=null
Diversity_10=null
Diversity_15=null
Diversity_20=null
Novelty_5=null
Novelty_10=null
Novelty_15=null
Novelty_20=null
Serendipity_5=null
Serendipity_10=null
Serendipity_15=null
Serendipity_20=null
