P_5=0.6008
P_10=0.5157
P_15=0.4029
P_20=0.3048
P_30=0.2032
P_50=0.1219
recall_5=0.4378
recall_10=0.7116
recall_15=0.8086
recall_20=0.8141
recall_30=0.8141
recall_50=0.8141
F1_5=0.50650924
F1_10=0.59801537
F1_15=0.53782076
F1_20=0.44353864
F1_30=0.32522386
F1_50=0.21204868
Diversity_5=null
Diversity_10=null
Diversity_15=null
Diversity_20=null
Novelty_5=null
Novelty_10=null
Novelty_15=null
Novelty_20=null
Serendipity_5=null
Serendipity_10=null
Serendipity_15=null
Serendipity_20=null
