P_5=0.6393333
P_10=0.31966665
P_15=0.21313334
P_20=0.15983333
P_30=0.10656667
P_50=0.063933335
recall_5=0.3967
recall_10=0.3967
recall_15=0.3967
recall_20=0.3967
recall_30=0.3967
recall_50=0.3967
F1_5=0.48960495
F1_10=0.3540415
F1_15=0.27728885
F1_20=0.22786012
F1_30=0.16800237
F1_50=0.11011949
