P_5=0.64576
P_10=0.32286003
P_15=0.21525998
P_20=0.16144001
recall_5=0.45121998
recall_10=0.45121998
recall_15=0.45121998
recall_20=0.45121998
F1_5=0.53124
F1_10=0.3763975
F1_15=0.29147044
F1_20=0.23779897
