P_5=0.66695
P_10=0.6077
P_15=0.54715
P_20=0.41035
P_30=0.27354997
P_50=0.16409999
recall_5=0.35689998
recall_10=0.55904996
recall_15=0.6707
recall_20=0.6707
recall_30=0.6707
recall_50=0.6707
F1_5=0.46497914
F1_10=0.5823607
F1_15=0.60265803
F1_20=0.5091748
F1_30=0.38860464
F1_50=0.2636844
