P_5=0.7184
P_10=0.63785
P_15=0.4252
P_20=0.3189
P_30=0.2126
P_50=0.1276
recall_5=0.3743
recall_10=0.5733
recall_15=0.5733
recall_20=0.5733
recall_30=0.5733
recall_50=0.5733
F1_5=0.49217007
F1_10=0.6038549
F1_15=0.4882667
F1_20=0.40983048
F1_30=0.3101758
F1_50=0.20874041
