P_5=0.5993
P_10=0.5155
P_15=0.3437
P_20=0.2577
P_30=0.1718
P_50=0.1031
recall_5=0.4364
recall_10=0.7091
recall_15=0.7091
recall_20=0.7091
recall_30=0.7091
recall_50=0.7091
F1_5=0.50503916
F1_10=0.59699667
F1_15=0.4629895
F1_20=0.37802044
F1_30=0.27658844
F1_50=0.18002515
Diversity_5=null
Diversity_10=null
Diversity_15=null
Diversity_20=null
Novelty_5=null
Novelty_10=null
Novelty_15=null
Novelty_20=null
Serendipity_5=null
Serendipity_10=null
Serendipity_15=null
Serendipity_20=null
