P_5=0.65935004
P_10=0.60525
P_15=0.54245
P_20=0.4068
P_30=0.2712
P_50=0.1627
recall_5=0.3546
recall_10=0.55939996
recall_15=0.66805005
recall_20=0.66805005
recall_30=0.66805005
recall_50=0.66805005
F1_5=0.4611776
F1_10=0.58142245
F1_15=0.598734
F1_20=0.5056757
F1_30=0.3857869
F1_50=0.26167136
