P_5=0.6407
P_10=0.32034
P_15=0.21356001
P_20=0.16016
recall_5=0.44868
recall_10=0.44868
recall_15=0.44868
recall_20=0.44868
F1_5=0.5277667
F1_10=0.37380084
F1_15=0.28938183
F1_20=0.23605742
