P_5=0.5895
P_10=0.5118
P_15=0.3412
P_20=0.2559
P_30=0.1706
P_50=0.1024
recall_5=0.4327
recall_10=0.707
recall_15=0.707
recall_20=0.707
recall_30=0.707
recall_50=0.707
F1_5=0.49907386
F1_10=0.5937686
F1_15=0.46027172
F1_20=0.3757842
F1_30=0.27487284
F1_50=0.17889003
Diversity_5=null
Diversity_10=null
Diversity_15=null
Diversity_20=null
Novelty_5=null
Novelty_10=null
Novelty_15=null
Novelty_20=null
Serendipity_5=null
Serendipity_10=null
Serendipity_15=null
Serendipity_20=null
