P_5=0.5563
P_10=0.4193
P_15=0.2951
P_20=0.2213
P_30=0.1475
P_50=0.0885
recall_5=0.398
recall_10=0.5661
recall_15=0.5891
recall_20=0.5891
recall_30=0.5891
recall_50=0.5891
F1_5=0.46402055
F1_10=0.48176524
F1_15=0.39322194
F1_20=0.321737
F1_30=0.23592791
F1_50=0.15388238
Diversity_5=null
Diversity_10=null
Diversity_15=null
Diversity_20=null
Novelty_5=null
Novelty_10=null
Novelty_15=null
Novelty_20=null
Serendipity_5=null
Serendipity_10=null
Serendipity_15=null
Serendipity_20=null
