P_5=0.71379995
P_10=0.6405
P_15=0.571
P_20=0.42825
P_30=0.2855
P_50=0.1713
recall_5=0.37370002
recall_10=0.57515
recall_15=0.68505
recall_20=0.68505
recall_30=0.68505
recall_50=0.68505
F1_5=0.49056932
F1_10=0.60606843
F1_15=0.6228471
F1_20=0.52703255
F1_30=0.40303284
F1_50=0.274068
