P_5=0.5801
P_10=0.29
P_15=0.1934
P_20=0.145
P_30=0.0967
P_50=0.058
recall_5=0.4176
recall_10=0.4176
recall_15=0.4176
recall_20=0.4176
recall_30=0.4176
recall_50=0.4176
F1_5=0.48561645
F1_10=0.34229508
F1_15=0.2643661
F1_20=0.21525772
F1_30=0.15703644
F1_50=0.10185366
Diversity_5=null
Diversity_10=null
Diversity_15=null
Diversity_20=null
Novelty_5=null
Novelty_10=null
Novelty_15=null
Novelty_20=null
Serendipity_5=null
Serendipity_10=null
Serendipity_15=null
Serendipity_20=null
