P_5=0.6913667
P_10=0.60480005
P_15=0.53319997
P_20=0.3999
P_30=0.26659998
P_50=0.15996666
recall_5=0.41663334
recall_10=0.6123
recall_15=0.7166667
recall_20=0.7166667
recall_30=0.7166667
recall_50=0.7166667
F1_5=0.5199393
F1_10=0.60852695
F1_15=0.61146784
F1_20=0.5133505
F1_30=0.3886297
F1_50=0.2615524
