P_5=0.5914
P_10=0.2957
P_15=0.1971
P_20=0.1479
P_30=0.0986
P_50=0.0591
recall_5=0.435
recall_10=0.435
recall_15=0.435
recall_20=0.435
recall_30=0.435
recall_50=0.435
F1_5=0.50128406
F1_10=0.352072
F1_15=0.27128145
F1_20=0.22074628
F1_30=0.16076088
F1_50=0.10406193
Diversity_5=null
Diversity_10=null
Diversity_15=null
Diversity_20=null
Novelty_5=null
Novelty_10=null
Novelty_15=null
Novelty_20=null
Serendipity_5=null
Serendipity_10=null
Serendipity_15=null
Serendipity_20=null
