P_5=0.6792
P_10=0.3396
P_15=0.2264
P_20=0.16976666
P_30=0.1132
P_50=0.06793333
recall_5=0.4131
recall_10=0.4131
recall_15=0.4131
recall_20=0.4131
recall_30=0.4131
recall_50=0.4131
F1_5=0.51373714
F1_10=0.37276143
F1_15=0.29249677
F1_20=0.24064031
F1_30=0.17770442
F1_50=0.11667906
