P_5=0.6217
P_10=0.5388
P_15=0.3592
P_20=0.2694
P_30=0.1796
P_50=0.1078
recall_5=0.4607
recall_10=0.7514
recall_15=0.7514
recall_20=0.7514
recall_30=0.7514
recall_50=0.7514
F1_5=0.5292262
F1_10=0.6275838
F1_15=0.4860488
F1_20=0.39660496
F1_30=0.28990644
F1_50=0.18854962
Diversity_5=null
Diversity_10=null
Diversity_15=null
Diversity_20=null
Novelty_5=null
Novelty_10=null
Novelty_15=null
Novelty_20=null
Serendipity_5=null
Serendipity_10=null
Serendipity_15=null
Serendipity_20=null
