P_5=0.6895667
P_10=0.3448
P_15=0.22983332
P_20=0.1724
P_30=0.114933334
P_50=0.068966664
recall_5=0.41636667
recall_10=0.41636667
recall_15=0.41636667
recall_20=0.41636667
recall_30=0.41636667
recall_50=0.41636667
F1_5=0.5192222
F1_10=0.37721887
F1_15=0.29617745
F1_20=0.24383721
F1_30=0.18014082
F1_50=0.11833278
