P_5=0.5919
P_10=0.5222
P_15=0.3482
P_20=0.2611
P_30=0.1741
P_50=0.1044
recall_5=0.4358
recall_10=0.7264
recall_15=0.7264
recall_20=0.7264
recall_30=0.7264
recall_50=0.7264
F1_5=0.5019948
F1_10=0.60760224
F1_15=0.47074723
F1_20=0.38412768
F1_30=0.28088006
F1_50=0.18256177
Diversity_5=null
Diversity_10=null
Diversity_15=null
Diversity_20=null
Novelty_5=null
Novelty_10=null
Novelty_15=null
Novelty_20=null
Serendipity_5=null
Serendipity_10=null
Serendipity_15=null
Serendipity_20=null
