P_5=0.6836
P_10=0.60426664
P_15=0.5319333
P_20=0.4756
P_30=0.31706667
P_50=0.19026667
recall_5=0.41303334
recall_10=0.61183333
recall_15=0.71583337
recall_20=0.7805333
recall_30=0.7805333
recall_50=0.7805333
F1_5=0.5149389
F1_10=0.60802644
F1_15=0.6103314
F1_20=0.59105456
F1_30=0.45094952
F1_50=0.30595276
