P_5=0.6208
P_10=0.5379
P_15=0.432
P_20=0.324
P_30=0.216
P_50=0.1296
recall_5=0.4602
recall_10=0.7503
recall_15=0.8725
recall_20=0.8725
recall_30=0.8725
recall_50=0.8725
F1_5=0.5285701
F1_10=0.62658966
F1_15=0.5778766
F1_20=0.47252816
F1_30=0.3462747
F1_50=0.22567809
Diversity_5=null
Diversity_10=null
Diversity_15=null
Diversity_20=null
Novelty_5=null
Novelty_10=null
Novelty_15=null
Novelty_20=null
Serendipity_5=null
Serendipity_10=null
Serendipity_15=null
Serendipity_20=null
