P_5=0.68590003
P_10=0.34293333
P_15=0.22863333
P_20=0.17150001
P_30=0.11433333
P_50=0.068566665
recall_5=0.41373333
recall_10=0.41373333
recall_15=0.41373333
recall_20=0.41373333
recall_30=0.41373333
recall_50=0.41373333
F1_5=0.51613516
F1_10=0.37502098
F1_15=0.29451475
F1_20=0.2424854
F1_30=0.17915735
F1_50=0.117637634
