P_5=0.5865
P_10=0.4653
P_15=0.3102
P_20=0.2327
P_30=0.1551
P_50=0.0931
recall_5=0.4244
recall_10=0.6321
recall_15=0.6321
recall_20=0.6321
recall_30=0.6321
recall_50=0.6321
F1_5=0.49245343
F1_10=0.53602356
F1_15=0.41616774
F1_20=0.34017038
F1_30=0.2490821
F1_50=0.16229594
Diversity_5=null
Diversity_10=null
Diversity_15=null
Diversity_20=null
Novelty_5=null
Novelty_10=null
Novelty_15=null
Novelty_20=null
Serendipity_5=null
Serendipity_10=null
Serendipity_15=null
Serendipity_20=null
