P_5=0.66482
P_10=0.56912005
P_15=0.49456
P_20=0.37092
recall_5=0.45707998
recall_10=0.64900005
recall_15=0.74608
recall_20=0.74608
F1_5=0.54171664
F1_10=0.6064409
F1_15=0.5948242
F1_20=0.49549866
