P_5=0.7237
P_10=0.6623
P_15=0.6025
P_20=0.4519
recall_5=0.3301
recall_10=0.5269
recall_15=0.6419
recall_20=0.6419
F1_5=0.45339411
F1_10=0.58689183
F1_15=0.62157625
F1_20=0.5303979
