P_5=0.5856
P_10=0.4978
P_15=0.3832
P_20=0.2874
P_30=0.1916
P_50=0.1149
recall_5=0.4256
recall_10=0.6829
recall_15=0.7695
recall_20=0.7695
recall_30=0.7695
recall_50=0.7695
F1_5=0.49294183
F1_10=0.5758408
F1_15=0.5116204
F1_20=0.4184962
F1_30=0.30680722
F1_50=0.19994472
Diversity_5=null
Diversity_10=null
Diversity_15=null
Diversity_20=null
Novelty_5=null
Novelty_10=null
Novelty_15=null
Novelty_20=null
Serendipity_5=null
Serendipity_10=null
Serendipity_15=null
Serendipity_20=null
