P_5=0.68810004
P_10=0.60043335
P_15=0.4003
P_20=0.30023333
P_30=0.20013332
P_50=0.1201
recall_5=0.41349998
recall_10=0.6092
recall_15=0.6092
recall_20=0.6092
recall_30=0.6092
recall_50=0.6092
F1_5=0.5165747
F1_10=0.6047849
F1_15=0.48313573
F1_20=0.40223318
F1_30=0.30128804
F1_50=0.20064422
