P_5=0.6011
P_10=0.5152
P_15=0.4031
P_20=0.3023
P_30=0.2015
P_50=0.1209
recall_5=0.4384
recall_10=0.7077
recall_15=0.8088
recall_20=0.8088
recall_30=0.8088
recall_50=0.8088
F1_5=0.5070173
F1_10=0.59629905
F1_15=0.5380432
F1_20=0.44010484
F1_30=0.3226234
F1_50=0.21035586
Diversity_5=null
Diversity_10=null
Diversity_15=null
Diversity_20=null
Novelty_5=null
Novelty_10=null
Novelty_15=null
Novelty_20=null
Serendipity_5=null
Serendipity_10=null
Serendipity_15=null
Serendipity_20=null
