P_5=0.6125
P_10=0.5197
P_15=0.3465
P_20=0.2599
P_30=0.1732
P_50=0.1039
recall_5=0.4505
recall_10=0.7154
recall_15=0.7154
recall_20=0.7154
recall_30=0.7154
recall_50=0.7154
F1_5=0.51915574
F1_10=0.6020458
F1_15=0.46687278
F1_20=0.38128263
F1_30=0.278882
F1_50=0.18144773
Diversity_5=null
Diversity_10=null
Diversity_15=null
Diversity_20=null
Novelty_5=null
Novelty_10=null
Novelty_15=null
Novelty_20=null
Serendipity_5=null
Serendipity_10=null
Serendipity_15=null
Serendipity_20=null
