P_5=0.6056
P_10=0.5252
P_15=0.418
P_20=0.3135
P_30=0.209
P_50=0.1254
recall_5=0.4448
recall_10=0.7284
recall_15=0.8414
recall_20=0.8414
recall_30=0.8414
recall_50=0.8414
F1_5=0.512892
F1_10=0.61033136
F1_15=0.55852824
F1_20=0.4567995
F1_30=0.3348298
F1_50=0.21826968
Diversity_5=null
Diversity_10=null
Diversity_15=null
Diversity_20=null
Novelty_5=null
Novelty_10=null
Novelty_15=null
Novelty_20=null
Serendipity_5=null
Serendipity_10=null
Serendipity_15=null
Serendipity_20=null
