P_5=0.6882667
P_10=0.60550004
P_15=0.535
P_20=0.47876668
P_30=0.31916666
P_50=0.1915
recall_5=0.41483334
recall_10=0.61270005
recall_15=0.7176666
recall_20=0.7822333
recall_30=0.7822333
recall_50=0.7822333
F1_5=0.51766104
F1_10=0.60907876
F1_15=0.6130149
F1_20=0.59398454
F1_30=0.45335537
F1_50=0.307677
