
Result Top 50 
P_5=0.6678333
P_10=0.5892666
P_15=0.52036667
P_20=0.46566668
P_30=0.38543335
P_50=0.2874
recall_5=0.40723333
recall_10=0.60476667
recall_15=0.70886666
recall_20=0.7733334
recall_30=0.8502
recall_50=0.9224
F1_5=0.5059481
F1_10=0.5969161
F1_15=0.6001637
F1_20=0.5813003
F1_30=0.53040886
F1_50=0.43825057
