P_5=0.6821334
P_10=0.6018
P_15=0.5312
P_20=0.39839998
P_30=0.2656333
P_50=0.15936667
recall_5=0.4139
recall_10=0.6106333
recall_15=0.7154667
recall_20=0.7154667
recall_30=0.7154667
recall_50=0.7154667
F1_5=0.5151942
F1_10=0.6061845
F1_15=0.60971534
F1_20=0.51180613
F1_30=0.38742593
F1_50=0.2606703
