P_5=0.7294
P_10=0.6577
P_15=0.6017
P_20=0.4513
P_30=0.3009
P_30=0.3009
P_50=0.1805
recall_5=0.3311
recall_10=0.5238
recall_15=0.6414
recall_20=0.6414
recall_30=0.6414
recall_50=0.6414
F1_5=0.45545375
F1_10=0.5831626
F1_15=0.62091607
F1_20=0.5298139
F1_30=0.4096302
F1_50=0.28171965
