P_5=0.6007
P_10=0.3003
P_15=0.2002
P_20=0.1502
P_30=0.1001
P_50=0.0601
recall_5=0.4395
recall_10=0.4395
recall_15=0.4395
recall_20=0.4395
recall_30=0.4395
recall_50=0.4395
F1_5=0.5076094
F1_10=0.35680413
F1_15=0.27509117
F1_20=0.22388637
F1_30=0.16306135
F1_50=0.1057404
Diversity_5=null
Diversity_10=null
Diversity_15=null
Diversity_20=null
Novelty_5=null
Novelty_10=null
Novelty_15=null
Novelty_20=null
Serendipity_5=null
Serendipity_10=null
Serendipity_15=null
Serendipity_20=null
