P_5=0.621
P_10=0.5375
P_15=0.4321
P_20=0.324
P_30=0.216
P_50=0.1296
recall_5=0.4606
recall_10=0.7491
recall_15=0.8724
recall_20=0.8724
recall_30=0.8724
recall_50=0.8724
F1_5=0.52890646
F1_10=0.6258997
F1_15=0.5779441
F1_20=0.47251356
F1_30=0.3462668
F1_50=0.22567473
Diversity_5=null
Diversity_10=null
Diversity_15=null
Diversity_20=null
Novelty_5=null
Novelty_10=null
Novelty_15=null
Novelty_20=null
Serendipity_5=null
Serendipity_10=null
Serendipity_15=null
Serendipity_20=null
