P_5=0.7059
P_10=0.6451
P_15=0.4301
P_20=0.3225
P_30=0.215
P_30=0.215
P_50=0.129
recall_5=0.3209
recall_10=0.5194
recall_15=0.5194
recall_20=0.5194
recall_30=0.5194
recall_50=0.5194
F1_5=0.44122186
F1_10=0.5754658
F1_15=0.4705507
F1_20=0.39792493
F1_30=0.3041149
F1_50=0.20667055
