P_5=0.64673996
P_10=0.55604
P_15=0.37072
P_20=0.27802
recall_5=0.44941998
recall_10=0.64116
recall_15=0.64116
recall_20=0.64116
F1_5=0.53032017
F1_10=0.595574
F1_15=0.4698004
F1_20=0.38785723
