P_5=0.5519
P_10=0.4159
P_15=0.2773
P_20=0.208
P_30=0.1386
P_50=0.0832
recall_5=0.3956
recall_10=0.5623
recall_15=0.5623
recall_20=0.5623
recall_30=0.5623
recall_50=0.5623
F1_5=0.46085837
F1_10=0.4781447
F1_15=0.37142876
F1_20=0.30366975
F1_30=0.22238488
F1_50=0.14495233
Diversity_5=null
Diversity_10=null
Diversity_15=null
Diversity_20=null
Novelty_5=null
Novelty_10=null
Novelty_15=null
Novelty_20=null
Serendipity_5=null
Serendipity_10=null
Serendipity_15=null
Serendipity_20=null
