P_5=0.68983334
P_10=0.60293335
P_15=0.5317
P_20=0.47653332
P_30=0.31766665
P_50=0.19063334
recall_5=0.4152
recall_10=0.6113667
recall_15=0.7149667
recall_20=0.78046674
recall_30=0.78046674
recall_50=0.78046674
F1_5=0.5183894
F1_10=0.60712075
F1_15=0.6098628
F1_20=0.59175557
F1_30=0.45154488
F1_50=0.30642152
