P_5=0.66503996
P_10=0.56815994
P_15=0.49422002
P_20=0.43728
recall_5=0.45706
recall_10=0.64794004
recall_15=0.74604005
recall_20=0.8047199
F1_5=0.5417755
F1_10=0.60543305
F1_15=0.59456545
F1_20=0.5666473
