P_5=0.6913667
P_10=0.60480005
P_15=0.53319997
P_20=0.47676668
P_30=0.31783333
P_50=0.1907
recall_5=0.41663334
recall_10=0.6123
recall_15=0.7166667
recall_20=0.78106666
recall_30=0.78106666
recall_50=0.78106666
F1_5=0.5199393
F1_10=0.60852695
F1_15=0.61146784
F1_20=0.5921079
F1_30=0.4518137
F1_50=0.30655387
