P_5=0.5719
P_10=0.4641
P_15=0.3094
P_20=0.232
P_30=0.1547
P_50=0.0928
recall_5=0.4137
recall_10=0.6298
recall_15=0.6298
recall_20=0.6298
recall_30=0.6298
recall_50=0.6298
F1_5=0.48010358
F1_10=0.5344002
F1_15=0.41494912
F1_20=0.33908936
F1_30=0.24838765
F1_50=0.1617643
Diversity_5=null
Diversity_10=null
Diversity_15=null
Diversity_20=null
Novelty_5=null
Novelty_10=null
Novelty_15=null
Novelty_20=null
Serendipity_5=null
Serendipity_10=null
Serendipity_15=null
Serendipity_20=null
