P_5=0.6878667
P_10=0.6056333
P_15=0.40376666
P_20=0.30283332
P_30=0.2019
P_50=0.12113333
recall_5=0.41563332
recall_10=0.6128333
recall_15=0.6128333
recall_20=0.6128333
recall_30=0.6128333
recall_50=0.6128333
F1_5=0.51817006
F1_10=0.60921204
F1_15=0.4868024
F1_20=0.4053579
F1_30=0.3037339
F1_50=0.20228313
