P_5=0.66152006
P_10=0.56762
P_15=0.49252
P_20=0.43528
recall_5=0.45653996
recall_10=0.64788
recall_15=0.74452
recall_20=0.80311996
F1_5=0.54024
F1_10=0.60510015
F1_15=0.59285223
F1_20=0.5645705
