P_5=0.6649
P_10=0.6242
P_15=0.4161
P_20=0.3121
P_30=0.2081
P_30=0.2081
P_50=0.1248
recall_5=0.3072
recall_10=0.512
recall_15=0.512
recall_20=0.512
recall_30=0.512
recall_50=0.512
F1_5=0.42023927
F1_10=0.5625602
F1_15=0.4590954
F1_20=0.38780537
F1_30=0.29592335
F1_50=0.20068341
