P_5=0.6836
P_10=0.60426664
P_15=0.4028667
P_20=0.30216667
P_30=0.20143335
P_50=0.120866664
recall_5=0.41303334
recall_10=0.61183333
recall_15=0.61183333
recall_20=0.61183333
recall_30=0.61183333
recall_50=0.61183333
F1_5=0.5149389
F1_10=0.60802644
F1_15=0.48583278
F1_20=0.40454185
F1_30=0.30308294
F1_50=0.20185684
