P_5=0.7017
P_10=0.6246
P_15=0.5582
P_20=0.41865
P_30=0.2791
P_50=0.16745001
recall_5=0.3678
recall_10=0.56725
recall_15=0.6779
recall_20=0.6779
recall_30=0.6779
recall_50=0.6779
F1_5=0.48262787
F1_10=0.59454525
F1_15=0.6122543
F1_20=0.5176286
F1_30=0.39540625
F1_50=0.2685618
