P_5=0.6841
P_10=0.342
P_15=0.228
P_20=0.171
recall_5=0.3119
recall_10=0.3119
recall_15=0.3119
recall_20=0.3119
F1_5=0.42845538
F1_10=0.3262572
F1_15=0.263431
F1_20=0.22089419
