P_5=0.6608333
P_10=0.5861667
P_15=0.5181
P_20=0.38856664
P_30=0.25906667
P_50=0.15543334
recall_5=0.40343332
recall_10=0.6003334
recall_15=0.70689994
recall_20=0.70689994
recall_30=0.70689994
recall_50=0.70689994
F1_5=0.50100636
F1_10=0.59316546
F1_15=0.5979509
F1_20=0.50148076
F1_30=0.37917298
F1_50=0.25483376
