P_5=0.5708
P_10=0.4642
P_15=0.3421
P_20=0.2569
P_30=0.1712
P_50=0.1027
recall_5=0.4117
recall_10=0.6285
recall_15=0.6828
recall_20=0.6838
recall_30=0.6838
recall_50=0.6838
F1_5=0.4783682
F1_10=0.5339978
F1_15=0.4558218
F1_20=0.37348405
F1_30=0.2738399
F1_50=0.17857918
Diversity_5=null
Diversity_10=null
Diversity_15=null
Diversity_20=null
Novelty_5=null
Novelty_10=null
Novelty_15=null
Novelty_20=null
Serendipity_5=null
Serendipity_10=null
Serendipity_15=null
Serendipity_20=null
