P_5=0.6152
P_10=0.5295
P_15=0.353
P_20=0.2648
P_30=0.1765
P_50=0.1059
recall_5=0.4513
recall_10=0.7336
recall_15=0.7336
recall_20=0.7336
recall_30=0.7336
recall_50=0.7336
F1_5=0.52065593
F1_10=0.6150601
F1_15=0.47664416
F1_20=0.38913718
F1_30=0.28454104
F1_50=0.18508217
Diversity_5=null
Diversity_10=null
Diversity_15=null
Diversity_20=null
Novelty_5=null
Novelty_10=null
Novelty_15=null
Novelty_20=null
Serendipity_5=null
Serendipity_10=null
Serendipity_15=null
Serendipity_20=null
