P_5=0.6913667
P_10=0.34566668
P_15=0.23046666
P_20=0.17283332
P_30=0.115200005
P_50=0.069133334
recall_5=0.41663334
recall_10=0.41663334
recall_15=0.41663334
recall_20=0.41663334
recall_30=0.41663334
recall_50=0.41663334
F1_5=0.5199393
F1_10=0.3778467
F1_15=0.2967705
F1_20=0.24431618
F1_30=0.18049325
F1_50=0.118588835
