P_5=0.6882667
P_10=0.60550004
P_15=0.535
P_20=0.40123335
P_30=0.2675
P_50=0.1605
recall_5=0.41483334
recall_10=0.61270005
recall_15=0.7176666
recall_20=0.7176666
recall_30=0.7176666
recall_50=0.7176666
F1_5=0.51766104
F1_10=0.60907876
F1_15=0.6130149
F1_20=0.5147051
F1_30=0.3897327
F1_50=0.26233175
