P_5=0.588
P_10=0.294
P_15=0.196
P_20=0.147
P_30=0.098
P_50=0.0588
recall_5=0.4302
recall_10=0.4302
recall_15=0.4302
recall_20=0.4302
recall_30=0.4302
recall_50=0.4302
F1_5=0.49687213
F1_10=0.3492925
F1_15=0.26930436
F1_20=0.21912475
F1_30=0.15963498
F1_50=0.103459135
Diversity_5=null
Diversity_10=null
Diversity_15=null
Diversity_20=null
Novelty_5=null
Novelty_10=null
Novelty_15=null
Novelty_20=null
Serendipity_5=null
Serendipity_10=null
Serendipity_15=null
Serendipity_20=null
