P_5=0.63244003
P_10=0.54854
P_15=0.48330003
P_20=0.36246002
recall_5=0.44634
recall_10=0.6387199
recall_15=0.7393
recall_20=0.7393
F1_5=0.52333796
F1_10=0.59020513
F1_15=0.58449817
F1_20=0.48643386
