P_5=0.66380006
P_10=0.5698401
P_15=0.49642
P_20=0.37232
recall_5=0.45786
recall_10=0.64966
recall_15=0.74772
recall_20=0.74772
F1_5=0.5419244
F1_10=0.6071378
F1_15=0.5966903
F1_20=0.49710926
