P_5=0.7172
P_10=0.6636
P_15=0.6046
P_20=0.4535
recall_5=0.3282
recall_10=0.5279
recall_15=0.6443
recall_20=0.6443
F1_5=0.4503253
F1_10=0.5880226
F1_15=0.62381905
F1_20=0.53231925
