P_5=0.71605
P_10=0.63525
P_15=0.5657
P_20=0.51245
P_30=0.42885
P_50=0.25730002
recall_5=0.3752
recall_10=0.57205
recall_15=0.6809
recall_20=0.7514
recall_30=0.83375
recall_50=0.83375
F1_5=0.49239305
F1_10=0.60199577
F1_15=0.61797714
F1_20=0.60933644
F1_30=0.56637686
F1_50=0.393243
