P_5=0.63616663
P_10=0.31809998
P_15=0.21203333
P_20=0.15906666
P_30=0.10603333
P_50=0.06363333
recall_5=0.3979
recall_10=0.3979
recall_15=0.3979
recall_20=0.3979
recall_30=0.3979
recall_50=0.3979
F1_5=0.48958296
F1_10=0.353553
F1_15=0.27664682
F1_20=0.22727616
F1_30=0.1674454
F1_50=0.10971993
