P_5=0.5819
P_10=0.4965
P_15=0.3826
P_20=0.2869
P_30=0.1913
P_50=0.1148
recall_5=0.4246
recall_10=0.6832
recall_15=0.7681
recall_20=0.7681
recall_30=0.7681
recall_50=0.7681
F1_5=0.49095824
F1_10=0.57507634
F1_15=0.5107761
F1_20=0.41775903
F1_30=0.30631128
F1_50=0.19974603
Diversity_5=null
Diversity_10=null
Diversity_15=null
Diversity_20=null
Novelty_5=null
Novelty_10=null
Novelty_15=null
Novelty_20=null
Serendipity_5=null
Serendipity_10=null
Serendipity_15=null
Serendipity_20=null
