P_5=0.66676664
P_10=0.33333334
P_15=0.22226667
P_20=0.1667
P_30=0.11113334
P_50=0.06666666
recall_5=0.4057
recall_10=0.4057
recall_15=0.4057
recall_20=0.4057
recall_30=0.4057
recall_50=0.4057
F1_5=0.50445807
F1_10=0.3659736
F1_15=0.28719229
F1_20=0.23630397
F1_30=0.17447326
F1_50=0.11451556
