P_5=0.68256664
P_10=0.3413
P_15=0.22753334
P_20=0.17066668
P_30=0.11373333
P_50=0.06826667
recall_5=0.41403332
recall_10=0.41403332
recall_15=0.41403332
recall_20=0.41403332
recall_30=0.41403332
recall_50=0.41403332
F1_5=0.51542103
F1_10=0.37416482
F1_15=0.29367608
F1_20=0.2417024
F1_30=0.17844775
F1_50=0.11720786
