P_5=0.5858
P_10=0.4959
P_15=0.3306
P_20=0.248
P_30=0.1653
P_50=0.0992
recall_5=0.4251
recall_10=0.6808
recall_15=0.6808
recall_20=0.6808
recall_30=0.6808
recall_50=0.6808
F1_5=0.49267694
F1_10=0.5738229
F1_15=0.44507116
F1_20=0.36356243
F1_30=0.2660117
F1_50=0.17316759
Diversity_5=null
Diversity_10=null
Diversity_15=null
Diversity_20=null
Novelty_5=null
Novelty_10=null
Novelty_15=null
Novelty_20=null
Serendipity_5=null
Serendipity_10=null
Serendipity_15=null
Serendipity_20=null
