P_5=0.63816
P_10=0.5528
P_15=0.48465997
P_20=0.4309
recall_5=0.44816
recall_10=0.64078003
recall_15=0.73999995
recall_20=0.80042
F1_5=0.5265443
F1_10=0.59354746
F1_15=0.58571094
F1_20=0.5602134
