P_5=0.7184
P_10=0.3592
P_15=0.23945001
P_20=0.17965
P_30=0.11975
P_50=0.07185
recall_5=0.3743
recall_10=0.3743
recall_15=0.3743
recall_20=0.3743
recall_30=0.3743
recall_50=0.3743
F1_5=0.49217007
F1_10=0.36659455
F1_15=0.29206076
F1_20=0.2427764
F1_30=0.18144894
F1_50=0.120557904
