P_5=0.7059
P_10=0.6451
P_15=0.5891
P_20=0.5368
P_30=0.3579
P_30=0.3579
P_50=0.2147
recall_5=0.3209
recall_10=0.5194
recall_15=0.6349
recall_20=0.708
recall_30=0.708
recall_50=0.708
F1_5=0.44122186
F1_10=0.5754658
F1_15=0.6111431
F1_20=0.61062723
F1_30=0.475454
F1_50=0.32948434
