P_5=0.719
P_10=0.6582
P_15=0.598
P_20=0.548
P_30=0.468
P_30=0.468
P_50=0.2808
recall_5=0.3287
recall_10=0.524
recall_15=0.64
recall_20=0.7143
recall_30=0.8041
recall_50=0.8041
F1_5=0.45115072
F1_10=0.583483
F1_15=0.61828756
F1_20=0.62019545
F1_30=0.5916497
F1_50=0.4162435
