P_5=0.68943334
P_10=0.6061
P_15=0.53576666
P_20=0.40183333
P_30=0.26786667
P_50=0.16073334
recall_5=0.41636667
recall_10=0.6134
recall_15=0.7179666
recall_20=0.7179666
recall_30=0.7179666
recall_50=0.7179666
F1_5=0.5191844
F1_10=0.6097281
F1_15=0.61362743
F1_20=0.5152758
F1_30=0.39016604
F1_50=0.26266342
