P_5=0.7251
P_10=0.6614
P_15=0.6048
P_20=0.4536
P_30=0.3024
P_30=0.3024
P_50=0.1814
recall_5=0.33
recall_10=0.5252
recall_15=0.6438
recall_20=0.6438
recall_30=0.6438
recall_50=0.6438
F1_5=0.4535741
F1_10=0.5854834
F1_15=0.6236909
F1_20=0.53221744
F1_30=0.41150942
F1_50=0.28304732
