P_5=0.66552
P_10=0.56975996
P_15=0.49623996
P_20=0.37217999
recall_5=0.45844
recall_10=0.64938
recall_15=0.74770004
recall_20=0.74770004
F1_5=0.54290366
F1_10=0.60697
F1_15=0.5965539
F1_20=0.49698
