P_5=0.68256664
P_10=0.60143334
P_15=0.52933335
P_20=0.47346666
P_30=0.3156
P_50=0.1894
recall_5=0.41403332
recall_10=0.6105333
recall_15=0.7135667
recall_20=0.7788667
recall_30=0.7788667
recall_50=0.7788667
F1_5=0.51542103
F1_10=0.60594916
F1_15=0.60779566
F1_20=0.5889285
F1_30=0.44918743
F1_50=0.30470395
