P_5=0.6111
P_10=0.5349
P_15=0.3566
P_20=0.2674
P_30=0.1783
P_50=0.107
recall_5=0.4529
recall_10=0.7477
recall_15=0.7477
recall_20=0.7477
recall_30=0.7477
recall_50=0.7477
F1_5=0.52023906
F1_10=0.62364686
F1_15=0.4828938
F1_20=0.39392173
F1_30=0.28793716
F1_50=0.18720931
Diversity_5=null
Diversity_10=null
Diversity_15=null
Diversity_20=null
Novelty_5=null
Novelty_10=null
Novelty_15=null
Novelty_20=null
Serendipity_5=null
Serendipity_10=null
Serendipity_15=null
Serendipity_20=null
