P_5=0.6013
P_10=0.524
P_15=0.4178
P_20=0.3134
P_30=0.2089
P_50=0.1253
recall_5=0.4429
recall_10=0.7284
recall_15=0.8412
recall_20=0.8412
recall_30=0.8412
recall_50=0.8412
F1_5=0.51008576
F1_10=0.6095203
F1_15=0.55830556
F1_20=0.45666394
F1_30=0.33468562
F1_50=0.21811147
Diversity_5=null
Diversity_10=null
Diversity_15=null
Diversity_20=null
Novelty_5=null
Novelty_10=null
Novelty_15=null
Novelty_20=null
Serendipity_5=null
Serendipity_10=null
Serendipity_15=null
Serendipity_20=null
