P_5=0.5937
P_10=0.4976
P_15=0.3318
P_20=0.2488
P_30=0.1659
P_50=0.0995
recall_5=0.4273
recall_10=0.683
recall_15=0.683
recall_20=0.683
recall_30=0.683
recall_50=0.683
F1_5=0.49694026
F1_10=0.5757425
F1_15=0.44662872
F1_20=0.36473578
F1_30=0.26695654
F1_50=0.17369585
Diversity_5=null
Diversity_10=null
Diversity_15=null
Diversity_20=null
Novelty_5=null
Novelty_10=null
Novelty_15=null
Novelty_20=null
Serendipity_5=null
Serendipity_10=null
Serendipity_15=null
Serendipity_20=null
