P_5=0.6213
P_10=0.5378
P_15=0.432
P_20=0.328
P_30=0.2187
P_50=0.1312
recall_5=0.4604
recall_10=0.7498
recall_15=0.8725
recall_20=0.8801
recall_30=0.8801
recall_50=0.8801
F1_5=0.5288833
F1_10=0.6263474
F1_15=0.5778766
F1_20=0.47789553
F1_30=0.35034195
F1_50=0.2283578
Diversity_5=null
Diversity_10=null
Diversity_15=null
Diversity_20=null
Novelty_5=null
Novelty_10=null
Novelty_15=null
Novelty_20=null
Serendipity_5=null
Serendipity_10=null
Serendipity_15=null
Serendipity_20=null
