P_5=0.66398
P_10=0.56804
P_15=0.49317998
P_20=0.43592
recall_5=0.45741996
recall_10=0.64822
recall_15=0.74532
recall_20=0.80352
F1_5=0.5416759
F1_10=0.60548717
F1_15=0.593584
F1_20=0.5652076
