P_5=0.7185
P_10=0.6542
P_15=0.5983
P_20=0.4487
P_30=0.2991
P_30=0.2991
P_50=0.1795
recall_5=0.329
recall_10=0.5251
recall_15=0.6411
recall_20=0.6411
recall_30=0.6411
recall_50=0.6411
F1_5=0.45133463
F1_10=0.5825836
F1_15=0.618961
F1_20=0.52791625
F1_30=0.40789837
F1_50=0.2804715
