P_5=0.6049
P_10=0.5249
P_15=0.3499
P_20=0.2624
P_30=0.175
P_50=0.105
recall_5=0.4436
recall_10=0.7279
recall_15=0.7279
recall_20=0.7279
recall_30=0.7279
recall_50=0.7279
F1_5=0.51184285
F1_10=0.6099533
F1_15=0.472615
F1_20=0.38574362
F1_30=0.28216302
F1_50=0.18352623
Diversity_5=null
Diversity_10=null
Diversity_15=null
Diversity_20=null
Novelty_5=null
Novelty_10=null
Novelty_15=null
Novelty_20=null
Serendipity_5=null
Serendipity_10=null
Serendipity_15=null
Serendipity_20=null
