P_5=0.14474
P_10=0.13246
P_15=0.120500006
P_20=0.09038
recall_5=0.06602
recall_10=0.10538
recall_15=0.12838
recall_20=0.12838
F1_5=0.090678826
F1_10=0.11737836
F1_15=0.124315254
F1_20=0.10607958
