P_5=0.5888
P_10=0.5117
P_15=0.403
P_20=0.3022
P_30=0.2015
P_50=0.1209
recall_5=0.4297
recall_10=0.706
recall_15=0.8088
recall_20=0.8088
recall_30=0.8088
recall_50=0.8088
F1_5=0.4968235
F1_10=0.5933484
F1_15=0.5379541
F1_20=0.43999887
F1_30=0.3226234
F1_50=0.21035586
Diversity_5=null
Diversity_10=null
Diversity_15=null
Diversity_20=null
Novelty_5=null
Novelty_10=null
Novelty_15=null
Novelty_20=null
Serendipity_5=null
Serendipity_10=null
Serendipity_15=null
Serendipity_20=null
