P_5=0.6407
P_10=0.55551994
P_15=0.48702002
P_20=0.43272
recall_5=0.44868
recall_10=0.64196
recall_15=0.74166
recall_20=0.8017799
F1_5=0.5277667
F1_10=0.59562016
F1_15=0.5879533
F1_20=0.5620838
