P_5=0.6015
P_10=0.5303
P_15=0.3535
P_20=0.2651
P_30=0.1768
P_50=0.1061
recall_5=0.4452
recall_10=0.7418
recall_15=0.7418
recall_20=0.7418
recall_30=0.7418
recall_50=0.7418
F1_5=0.5116801
F1_10=0.618468
F1_15=0.478821
F1_20=0.39060718
F1_30=0.28554374
F1_50=0.18564685
Diversity_5=null
Diversity_10=null
Diversity_15=null
Diversity_20=null
Novelty_5=null
Novelty_10=null
Novelty_15=null
Novelty_20=null
Serendipity_5=null
Serendipity_10=null
Serendipity_15=null
Serendipity_20=null
