P_5=0.6006
P_10=0.532
P_15=0.4315
P_20=0.3236
P_30=0.2157
P_50=0.1294
recall_5=0.4437
recall_10=0.7441
recall_15=0.8717
recall_20=0.8717
recall_30=0.8717
recall_50=0.8717
F1_5=0.5103634
F1_10=0.6204235
F1_15=0.57725376
F1_20=0.47198546
F1_30=0.34582618
F1_50=0.22534809
Diversity_5=null
Diversity_10=null
Diversity_15=null
Diversity_20=null
Novelty_5=null
Novelty_10=null
Novelty_15=null
Novelty_20=null
Serendipity_5=null
Serendipity_10=null
Serendipity_15=null
Serendipity_20=null
