P_5=0.6147
P_10=0.5287
P_15=0.4182
P_20=0.3166
P_30=0.211
P_50=0.1266
recall_5=0.4509
recall_10=0.7332
recall_15=0.842
recall_20=0.8477
recall_30=0.8477
recall_50=0.8477
F1_5=0.5202106
F1_10=0.61437964
F1_15=0.5588389
F1_20=0.46101832
F1_30=0.33789498
F1_50=0.22029932
Diversity_5=null
Diversity_10=null
Diversity_15=null
Diversity_20=null
Novelty_5=null
Novelty_10=null
Novelty_15=null
Novelty_20=null
Serendipity_5=null
Serendipity_10=null
Serendipity_15=null
Serendipity_20=null
