P_5=0.68943334
P_10=0.6061
P_15=0.40406668
P_20=0.30306664
P_30=0.20203334
P_50=0.12123332
recall_5=0.41636667
recall_10=0.6134
recall_15=0.6134
recall_20=0.6134
recall_30=0.6134
recall_50=0.6134
F1_5=0.5191844
F1_10=0.6097281
F1_15=0.48719925
F1_20=0.40569088
F1_30=0.30395433
F1_50=0.20245343
