P_5=0.68983334
P_10=0.60293335
P_15=0.40196666
P_20=0.30146667
P_30=0.20096667
P_50=0.120566666
recall_5=0.4152
recall_10=0.6113667
recall_15=0.6113667
recall_20=0.6113667
recall_30=0.6113667
recall_50=0.6113667
F1_5=0.5183894
F1_10=0.60712075
F1_15=0.48503098
F1_20=0.40381235
F1_30=0.30249733
F1_50=0.20141299
