P_5=0.63616663
P_10=0.5686333
P_15=0.3791
P_20=0.28433332
P_30=0.18953334
P_50=0.11373333
recall_5=0.3979
recall_10=0.5937
recall_15=0.5937
recall_20=0.5937
recall_30=0.5937
recall_50=0.5937
F1_5=0.48958296
F1_10=0.58089644
F1_15=0.46272957
F1_20=0.38451546
F1_30=0.28733695
F1_50=0.19089708
