P_5=0.568
P_10=0.284
P_15=0.1893
P_20=0.142
P_30=0.0947
P_50=0.0568
recall_5=0.4068
recall_10=0.4068
recall_15=0.4068
recall_20=0.4068
recall_30=0.4068
recall_50=0.4068
F1_5=0.47407144
F1_10=0.33448523
F1_15=0.25837022
F1_20=0.21051605
F1_30=0.15363494
F1_50=0.099681795
Diversity_5=null
Diversity_10=null
Diversity_15=null
Diversity_20=null
Novelty_5=null
Novelty_10=null
Novelty_15=null
Novelty_20=null
Serendipity_5=null
Serendipity_10=null
Serendipity_15=null
Serendipity_20=null
