P_5=0.71555
P_10=0.3578
P_15=0.2385
P_20=0.1789
P_30=0.11925
P_50=0.07155
recall_5=0.37525
recall_10=0.37525
recall_15=0.37525
recall_20=0.37525
recall_30=0.37525
recall_50=0.37525
F1_5=0.4923178
F1_10=0.36631733
F1_15=0.29164034
F1_20=0.24228902
F1_30=0.18098508
F1_50=0.120184146
